Bicycle 326.0 306.0556 13.6598 33.681 2.894305
Bicycle 300.0 272.0556 13.0 36.0 0.0
Bicycle 267.5 231.5556 8.0 33.0 2.965739
Bicycle 184.2194 282.1925 13.1343 36.6038 3.042242
Bicycle 294.0 156.5556 13.0 33.0 0.0
Bicycle 315.5 137.0556 14.0 36.0 0.0
Bicycle 290.0 220.5556 11.0 35.0 0.0
Bicycle 365.0 140.5556 9.0 29.0 0.0
Bicycle 350.0 135.5556 9.0 35.0 0.0
Bicycle 316.5 196.5556 12.0 41.0 0.0
Bicycle 348.5 221.0556 10.0 38.0 0.0
Bicycle 125.5 254.0556 12.0 36.0 0.0
Bicycle 326.0 259.0556 15.0 36.0 0.0
Bicycle 232.005 229.0904 12.6515 40.2889 2.956245
Bicycle 145.0 253.5556 9.0 35.0 0.0
Bicycle 161.0 270.0556 9.0 36.0 0.0
Bicycle 361.0 266.0556 11.0 30.0 0.0
Bicycle 187.0 245.0556 9.0 32.0 0.174499
Bicycle 216.5 230.0556 10.0 40.0 0.0
Bicycle 258.5 155.0556 10.0 30.0 0.0
Bicycle 234.8612 268.1013 12.1325 37.5872 2.82356
