Car 63.1343 375.5323 43.2936 91.6575 2.655557
Car 151.3498 320.8021 46.9668 95.6629 2.725378
Car 204.9003 301.1739 39.7056 92.4569 2.770476
Car 249.1859 280.735 37.9332 74.0034 2.699218
Car 338.2212 233.2491 42.0504 90.3956 2.678652
Car 387.1019 203.8997 39.3932 96.6107 2.734009
Car 482.7186 175.3586 39.8196 91.3296 2.661172
Car 577.0025 132.0676 40.2734 97.2185 2.665831
Car 176.8523 177.2095 39.1508 85.8083 2.699007
Car 52.583 258.1353 40.3465 88.5806 2.686629
Car 440.1892 68.8861 41.2717 93.3117 2.775288
Car 108.0913 218.7645 37.2303 94.3552 2.747539
Car 305.7117 129.7544 36.6254 62.8005 2.724886
Car 379.19 84.5877 38.9614 91.1668 2.777606
Car 518.4488 41.3345 39.7658 71.3376 2.760698
Car 599.7176 402.0083 40.2188 97.4009 2.769239
