Car 61.4832 177.6345 36.6406 79.1822 3.132399
Car 160.7241 169.8633 37.1638 83.9209 2.97082
Car 215.1667 82.0556 36.0 80.0 3.055376
Car 266.6328 68.5038 37.2287 84.183 3.037306
Car 302.4003 168.8485 34.3546 76.0825 3.047892
Car 328.753 76.8751 36.1006 72.5679 3.021842
Car 385.6667 66.0556 35.0 76.0 0.0
Car 457.3406 49.8472 36.1396 66.9038 3.040517
Car 583.5127 49.4177 34.7221 52.6079 3.051631
Car 392.3292 150.4243 42.2956 87.091 3.029903
Car 234.0889 375.3817 38.3217 93.1216 3.081506
Car 440.9759 151.3017 37.2117 80.4235 3.031769
Car 489.1667 150.0556 34.0 60.0 3.018822
Car 577.5152 135.8736 40.938 75.0314 2.997279
Car 622.5833 125.4204 34.8333 84.7297 0.0
Car 20.917 470.0278 41.5006 83.9444 0.0
Car 88.8351 474.0278 41.3368 75.9444 0.0
Car 335.1667 465.0556 36.0 88.0 0.0
Car 483.6667 464.0556 43.0 92.0 0.0
Car 579.6667 460.5556 43.0 91.0 0.0
