Car 506.1111 27.0556 33.0 54.0 0.0
Car 440.1111 30.0556 31.0 58.0 0.0
Car 387.1111 34.0556 35.0 64.0 0.0
Car 333.1111 28.0556 35.0 54.0 0.0
Car 283.1111 29.0556 35.0 58.0 0.0
Car 618.1111 33.0556 33.0 50.0 0.0
Car 436.1111 98.0556 33.0 76.0 0.0
Car 479.6111 103.5556 34.0 73.0 0.0
Car 227.1111 88.5556 35.0 75.0 0.0
Car 350.1111 104.0556 35.0 68.0 0.0
Car 603.6111 108.0556 34.0 66.0 0.0
Car 139.8664 88.279 35.7434 67.6146 0.160054
Car 523.1111 107.0556 31.0 56.0 0.0
Car 266.3352 265.9747 40.9248 86.0114 0.126487
Car 63.5354 320.4363 40.8776 80.0646 0.30875
Car 126.3059 331.29 41.2127 79.531 0.140609
Car 347.9116 348.195 39.4306 83.3412 0.165223
Car 483.1111 365.5556 39.0 81.0 0.0
Car 568.6111 371.0556 42.0 82.0 0.0
OtherVehicle 25.3056 477.5144 50.6111 61.0824 0.0
