Car 492.6111 105.5556 38.0 67.0 0.0
Car 425.1111 111.5556 35.0 71.0 0.0
Car 606.1111 114.5556 33.0 47.0 0.0
Car 370.1111 118.0556 35.0 64.0 0.0
Car 317.6111 107.0556 34.0 76.0 0.0
Car 268.6111 110.0556 30.0 66.0 0.0
Car 118.3682 182.7115 40.0358 69.1874 0.160211
Car 209.6111 182.0556 34.0 74.0 0.0
Car 337.6111 192.0556 34.0 78.0 0.0
Car 422.6111 185.0556 36.0 78.0 0.0
Car 468.6111 189.5556 32.0 73.0 0.0
Car 512.1111 194.0556 31.0 58.0 0.0
Car 594.6111 191.5556 38.0 69.0 0.0
Car 255.024 366.4767 41.0036 89.0198 0.043384
Car 339.4548 452.8434 36.6048 86.0363 0.132959
Car 478.5991 468.0278 37.976 87.9444 0.0
Car 568.6139 469.5278 42.0055 84.9444 0.0
Car 108.9467 439.6725 42.0274 83.7267 0.07854
Car 44.4433 429.4322 43.3157 81.9546 0.309062
