Car 124.6111 18.5556 36.0 37.0 0.0
Car 212.6111 22.0556 38.0 42.0 0.0
Car 333.6111 27.5556 38.0 55.0 0.0
Car 416.6111 27.0556 36.0 52.0 0.0
Car 462.1111 28.5556 33.0 55.0 0.0
Car 503.1111 25.5556 29.0 47.0 0.0
Car 580.6111 27.5556 34.0 53.0 0.0
Car 626.1111 27.5556 27.0 55.0 0.0
Car 630.3056 291.6301 19.3889 73.149 0.0
OtherVehicle 20.6111 395.0556 38.0 104.0 0.0
Car 251.8134 175.8787 41.3336 82.3033 0.087968
Car 330.1473 255.3358 36.8037 77.2327 0.13792
Car 462.1111 271.5556 33.0 81.0 0.0
Car 547.1111 276.0556 37.0 82.0 0.0
Car 116.5913 236.4719 41.1852 76.5807 0.118645
Car 54.1642 227.2861 38.6885 74.6336 0.37085
