Car 132.0468 356.814 42.4222 91.6714 3.013789
Car 237.9894 339.6596 40.1199 93.1935 2.850102
Car 284.7536 227.0019 39.2247 90.7473 2.970214
Car 338.6937 213.4758 40.1471 93.6927 2.929795
Car 405.1619 213.0395 38.5429 86.3536 2.956687
Car 388.036 322.2423 42.0659 90.5664 2.92858
Car 482.6945 295.5418 39.9614 101.0203 2.940181
Car 539.8644 290.996 43.1157 91.7667 2.98851
Car 469.1667 196.5556 36.0 85.0 2.974551
Car 588.8099 284.2085 37.5774 73.4007 2.88925
Car 543.6147 167.6408 39.0697 88.3556 2.873164
