Car 102.6524 128.742 36.2385 94.9325 2.403943
Car 57.5552 181.5674 39.3474 86.4426 2.357076
Car 154.2588 67.5285 36.1767 83.7852 2.325604
Car 169.6132 215.1761 42.6415 97.6028 2.406068
Car 103.5188 288.0193 40.152 94.1465 2.386387
Car 213.1667 181.0556 35.4625 96.966 2.414073
Car 253.7192 145.5445 73.806 33.0589 0.869002
Car 325.7524 79.0789 38.9074 88.163 2.42218
Car 21.1667 228.5556 42.0 67.0 0.0
Car 369.9798 39.5278 73.3329 35.8771 0.86357
Car 539.0905 382.9198 43.588 96.7064 2.449519
Car 462.9143 446.6875 98.9244 46.9793 0.901757
Car 609.5833 159.046 58.8333 81.9809 0.0
Car 618.0833 313.9777 43.8333 63.8442 0.0
