Bicycle 297.6667 89.5556 35.0 11.0 0.0
Bicycle 211.1667 215.0556 12.0 36.0 0.0
Bicycle 192.6667 218.0556 11.0 30.0 0.0
Bicycle 159.1667 220.0556 14.0 36.0 0.0
Bicycle 142.6667 215.0556 11.0 36.0 0.0
Bicycle 119.6667 223.0556 19.0 36.0 0.0
Bicycle 399.1667 162.5556 30.0 9.0 0.0
Bicycle 394.1667 150.0556 28.0 10.0 0.0
Bicycle 390.1667 134.0556 32.0 10.0 0.0
Bicycle 394.6667 113.0556 33.0 20.0 0.0
Bicycle 394.6667 91.5556 31.0 13.0 0.0
Bicycle 394.1667 59.5556 38.0 21.0 0.0
Bicycle 395.6667 34.5556 33.0 11.0 0.0
Bicycle 393.1667 17.5556 34.0 13.0 0.0
