Bicycle 400.6667 404.0556 9.0 34.0 0.0
Bicycle 413.1667 402.0556 14.0 34.0 0.0
Bicycle 478.6667 306.5556 11.0 33.0 0.0
Bicycle 430.1667 396.5556 8.0 31.0 0.0
Bicycle 451.1667 402.0556 20.0 34.0 0.0
Bicycle 473.1667 403.0556 12.0 30.0 0.0
Bicycle 503.1667 405.0556 20.0 40.0 0.0
Bicycle 528.1667 408.5556 10.0 31.0 0.0
Bicycle 546.1667 405.5556 8.0 33.0 0.0
Bicycle 353.6667 233.0556 31.0 12.0 0.0
Bicycle 353.1667 216.0556 32.0 14.0 0.0
Bicycle 354.1667 196.0556 32.0 12.0 0.0
Bicycle 352.1667 163.0556 32.0 14.0 0.0
Bicycle 354.1667 147.5556 28.0 11.0 0.0
Bicycle 349.6667 124.0556 35.0 26.0 0.0
