Car 491.6667 275.5556 23.0 45.0 0.0
Car 547.1667 277.0556 26.0 46.0 0.0
Car 405.358 269.1163 23.0388 44.5266 0.17358
Car 488.1667 156.0556 20.0 40.0 0.0
Car 568.1667 158.5556 22.0 33.0 0.0
Car 503.6667 118.0556 21.0 36.0 0.0
Car 350.6667 230.0556 25.0 46.0 0.034175
Car 391.6667 118.0556 21.0 40.0 0.0
Car 426.1667 123.5556 18.0 31.0 0.0
Car 458.1667 154.0556 20.0 38.0 0.0
Car 574.1667 124.5556 18.0 27.0 0.0
Car 598.3381 155.5879 24.3362 41.0929 3.058645
Car 403.1667 157.5556 20.0 35.0 0.0
Car 609.4431 286.4074 24.7187 42.4301 3.130755
Car 325.1667 148.0556 20.0 40.0 0.0
Car 267.4637 149.8313 19.9501 35.4933 0.136495
Car 262.7524 259.4493 21.7146 39.6199 0.190639
Car 221.8663 252.4158 24.0257 39.4487 0.295667
Car 200.034 322.247 26.8209 42.734 0.226562
Car 362.1667 119.5556 18.0 35.0 0.0
Car 619.3615 125.0854 22.1641 29.2154 0.050488
Car 461.1667 121.0556 18.0 38.0 0.0
DontCare 387.2915 29.9816 55.898 33.6038 3.012828
DontCare 546.1667 36.5556 72.0 39.0 0.0
DontCare 615.5833 45.5679 48.8333 47.0247 0.0
Car 514.6667 156.5556 19.0 29.0 0.0
