Bicycle 435.2265 416.388 12.7942 38.6014 0.727629
Bicycle 380.8536 286.9435 29.9231 10.7302 0.748378
Bicycle 392.189 270.5024 33.1556 12.2495 0.795499
Bicycle 404.9067 256.9828 31.461 14.6718 0.793801
Bicycle 424.0338 227.7238 10.1163 36.4322 2.484389
Bicycle 433.7059 217.4617 32.5174 14.155 0.791573
Bicycle 311.4565 449.2587 10.9985 31.373 0.562285
Bicycle 324.3157 452.8201 9.4339 33.5441 0.555351
Bicycle 338.9067 460.7356 15.2 39.4 0.643501
Bicycle 353.8584 478.6374 17.531 31.8685 0.755909
Bicycle 370.6667 491.5556 12.6988 29.6773 0.686878
