Car 258.8303 218.7956 24.6874 45.8514 2.739173
Car 229.3208 360.1602 23.2431 47.0169 2.951896
Car 70.4637 386.3525 25.9617 49.6353 2.939271
Car 62.2736 251.1863 26.8051 36.1576 2.930499
Car 9.5833 260.4722 19.1667 29.1667 0.0
Car 182.1419 325.5375 24.2928 40.4069 2.900676
Car 204.9278 230.6717 22.7638 40.497 2.750664
Car 61.8244 212.1414 18.7845 28.9394 2.962081
Car 94.4408 243.0022 25.905 43.4678 2.902787
Car 106.1667 205.5556 22.0 31.0 0.0
Car 138.7127 201.1913 21.423 35.6622 2.979172
Car 183.4656 196.2966 22.7301 28.059 2.960918
Car 14.1667 396.0556 26.0 46.0 0.0
Car 136.7985 382.7086 26.9468 46.8159 2.877924
Car 423.1869 440.9738 25.8808 31.2193 2.841202
Car 151.2167 240.9365 23.3439 33.0422 2.945716
