Car 207.6667 350.5556 25.0 45.0 0.0
Car 268.1667 390.5556 26.0 45.0 0.0
Car 359.6667 393.0556 27.0 44.0 0.0
Car 419.6667 388.5556 27.0 47.0 0.0
Car 358.1667 215.5556 24.0 37.0 3.042276
Car 427.1667 255.5556 24.0 35.0 2.972652
Car 570.4209 256.0297 26.4987 41.6022 2.928636
Car 430.6667 217.0556 21.0 32.0 0.0
Car 510.6667 215.5556 25.0 37.0 3.058098
Car 344.1667 259.0556 24.0 44.0 0.0
Car 578.6667 388.0556 27.0 48.0 0.0
Car 484.1667 395.5556 26.0 45.0 2.956886
Car 276.6667 227.5556 21.0 33.0 0.0
Car 313.6667 220.5556 21.0 33.0 0.0
Car 313.1667 259.5556 24.0 41.0 0.0
Car 476.6667 214.0556 21.0 34.0 0.0
Car 458.6667 251.5556 27.0 43.0 3.035371
Car 515.7539 256.3246 24.7771 41.0263 2.920443
Car 536.7393 344.4803 26.6703 38.9584 3.053644
Car 208.1667 228.5556 20.0 35.0 0.0
Car 240.6667 222.0556 25.0 40.0 3.077889
Car 258.1667 266.5556 26.0 39.0 0.0
Car 171.4349 261.8082 22.3586 45.4217 2.975398
Car 110.1667 267.5556 26.0 39.0 0.0
Car 116.6667 391.5556 27.0 49.0 0.0
Car 71.0973 386.7941 25.4474 47.0711 0.460819
Car 553.6667 216.0556 23.0 32.0 0.0
Car 625.0833 246.7467 29.8333 47.3824 0.0
Car 53.1667 477.0556 32.0 58.0 0.0
