Bicycle 156.8204 350.5545 30.6535 9.4351 2.439391
Bicycle 260.1667 332.5556 40.0 15.0 2.436283
Bicycle 164.6667 368.0556 39.0 16.0 2.488312
Bicycle 173.6785 390.8928 41.8591 12.5036 2.528
Bicycle 244.9239 194.8937 10.7844 32.8927 2.694824
Bicycle 273.1434 166.8436 14.7605 38.7221 2.605786
Bicycle 299.6667 154.5556 15.0 33.0 2.741179
Bicycle 315.3666 149.935 13.2506 31.2162 2.687528
Bicycle 328.3954 131.3239 20.246 36.1181 2.517095
Bicycle 341.1988 115.9468 11.8565 29.3933 2.566548
Bicycle 186.1667 413.5556 44.0 21.0 2.485198
Bicycle 436.1667 485.5556 14.0 35.0 2.582382
Bicycle 457.2386 476.3663 22.9216 32.9648 2.518089
Bicycle 478.8499 457.7063 16.8567 29.501 2.537287
