Car 182.1667 141.5556 60.0 31.0 0.0
Car 261.1905 252.9411 52.3691 20.4221 0.087435
Car 242.1667 301.0556 52.0 20.0 0.0
Car 420.5821 384.769 59.7951 27.4564 0.047421
Car 427.8171 346.8365 53.6979 22.1576 0.042861
Car 469.8171 487.8365 53.6979 22.1576 0.042861
Car 480.8171 407.8365 35.7144 22.9289 0.042861
Car 481.3171 379.8365 32.6315 21.0593 0.042861
Car 480.3171 351.8365 32.6315 21.0593 0.042861
Car 485.3171 327.8365 32.6315 21.0593 0.042861
Car 489.3171 303.3365 38.5831 19.8031 0.042861
Car 494.3171 283.3365 32.5029 18.062 0.042861
Car 80.1667 380.5556 54.0 25.0 0.059255
Car 223.6667 372.0556 47.0 20.0 0.0
Car 299.6667 326.0556 51.0 22.0 0.0
Car 429.6667 318.0556 39.0 16.0 0.0
Car 276.1667 415.0556 50.0 22.0 0.0
