Bicycle 349.6667 162.0556 25.0 10.0 0.0
Bicycle 350.6667 183.5556 29.0 11.0 3.100799
Bicycle 354.1667 209.5556 22.0 11.0 0.0
Bicycle 357.1792 228.8697 20.0348 10.365 2.970304
Bicycle 363.1667 247.0556 20.0 8.0 0.0
Bicycle 362.1667 258.5556 22.0 9.0 0.0
Bicycle 364.939 271.5107 24.1926 7.0878 2.880632
Bicycle 375.1667 291.5556 24.0 7.0 2.893498
Bicycle 332.6667 22.0556 27.0 10.0 0.0
Bicycle 342.1667 84.5556 26.0 9.0 2.946354
Bicycle 342.1667 97.0556 26.0 8.0 0.0
Bicycle 409.2891 333.391 8.0502 26.7432 0.084835
Bicycle 367.6667 304.5556 27.0 7.0 2.799857
Bicycle 370.6667 315.0556 27.0 8.0 2.683759
Bicycle 396.2661 435.784 24.9829 7.315 0.701826
Bicycle 390.6667 446.0556 25.0 8.0 0.389533
Bicycle 388.6667 476.0556 27.0 8.0 0.0
Bicycle 431.6667 420.0556 9.0 22.0 2.724108
Bicycle 399.1667 329.5556 8.0 23.0 0.471935
Person 289.6667 178.0556 9.0 14.0 0.0
Person 301.1667 173.0556 10.0 14.0 0.0
Bicycle 448.6667 428.0556 9.0 26.0 2.595378
