Bicycle 186.9932 139.4785 8.2416 30.7072 2.678403
Bicycle 41.1624 41.4647 7.0709 26.5369 0.983502
Bicycle 176.1667 144.0556 8.0 28.0 0.0
Bicycle 144.1667 147.5556 8.0 27.0 0.325773
Bicycle 35.5156 31.5208 7.5572 23.1065 0.965621
Bicycle 53.711 55.8374 8.9383 27.8935 0.854851
Bicycle 71.4288 74.5065 8.3001 25.4691 0.753234
Bicycle 85.5262 85.4528 12.7179 27.4503 0.745668
Bicycle 100.1667 98.5556 10.0 29.0 0.712566
Bicycle 114.8583 114.9857 9.0357 26.7664 0.732431
Bicycle 157.6667 146.0556 7.0 30.0 0.0
Bicycle 130.6667 121.5556 9.0 27.0 0.736257
Bicycle 165.1667 143.5556 6.0 21.0 0.0
Bicycle 236.6667 221.5556 23.0 9.0 0.0
Bicycle 238.1667 233.5556 24.0 7.0 2.982154
Bicycle 106.6667 106.0556 29.0 8.0 2.397414
