Bicycle 507.1667 314.0556 8.0 24.0 0.165149
Bicycle 436.6667 183.5556 29.0 11.0 0.0
Bicycle 444.4794 204.6211 25.818 9.1406 2.922683
Bicycle 449.1667 219.0556 26.0 10.0 2.650064
Bicycle 496.6667 307.5556 7.0 23.0 0.255462
Bicycle 466.1667 296.5556 22.0 9.0 2.490279
Bicycle 434.1667 168.0556 24.0 8.0 0.0
Bicycle 403.1667 15.0556 26.0 12.0 2.920278
Bicycle 435.6667 156.0556 23.0 8.0 0.0
Bicycle 431.1667 146.5556 20.0 7.0 0.0
Bicycle 477.4839 303.7461 10.8609 24.7403 0.586042
Bicycle 453.1667 237.0556 22.0 10.0 0.0
Bicycle 454.1667 248.0556 22.0 8.0 0.0
Bicycle 457.1667 259.5556 17.4413 8.0498 2.677945
