Bicycle 354.1667 297.0556 10.0 26.0 2.431912
Bicycle 372.1667 286.0556 10.0 24.0 2.356194
Bicycle 392.147 270.9304 12.0018 28.1467 2.385757
Bicycle 112.6667 491.5556 11.0 25.0 2.770701
Bicycle 399.6667 260.0556 9.0 28.0 2.209195
Bicycle 7.1667 455.0556 12.0 24.0 0.0
Bicycle 21.1667 462.6731 10.9283 24.5139 0.493941
Bicycle 30.1667 471.0556 10.0 28.0 0.63977
Bicycle 101.6667 493.5556 11.0 25.0 2.83312
Bicycle 38.8647 479.3504 13.1217 29.0438 0.594475
Bicycle 85.7577 499.5278 11.182 24.9444 0.0
Person 452.6667 291.5556 9.0 11.0 0.0
Person 281.6667 428.5556 11.0 11.0 0.0
Person 295.6667 442.0556 9.0 18.0 0.0
Person 466.6667 302.5556 11.0 11.0 0.0
Person 629.6667 127.0556 7.0 18.0 0.0
Bicycle 624.1667 88.0556 22.0 10.0 0.831519
