Person 216.6667 322.0556 9.0 16.0 0.0
Person 217.1667 308.5556 10.0 17.0 0.0
Bicycle 354.1667 149.5556 26.0 13.0 2.936716
Bicycle 364.1667 179.5556 30.0 11.0 2.972316
Bicycle 490.1667 489.5556 8.0 25.0 0.18138
Bicycle 369.1667 218.5556 26.0 13.0 0.0
Bicycle 387.6667 270.0556 27.0 10.0 2.923332
Bicycle 389.6667 282.5556 27.0 9.0 2.850136
Bicycle 397.1667 309.0556 20.0 8.0 0.0
Bicycle 401.1667 318.5556 20.0 7.0 2.932612
Bicycle 408.6667 356.5556 25.0 9.0 2.876941
Bicycle 404.6667 338.0556 27.0 12.0 2.961204
Bicycle 405.1667 325.5556 26.0 9.0 2.89149
Bicycle 417.6667 379.5556 25.0 13.0 2.629826
Bicycle 423.1667 395.5556 30.0 15.0 2.70294
Bicycle 434.2267 410.6515 21.2455 9.8106 2.889038
Bicycle 434.2742 421.8636 26.4371 7.9386 2.797849
Bicycle 436.1667 433.5556 26.0 11.0 2.766347
Bicycle 480.1667 483.5556 10.0 23.0 0.353047
Bicycle 447.6667 473.0556 25.0 10.0 2.350959
Bicycle 460.6667 482.5556 13.0 29.0 0.59052
