Person 35.1667 279.5556 12.0 15.0 0.0
Person 297.6667 55.0556 9.0 16.0 0.0
Person 306.6667 47.5556 9.0 11.0 0.0
Bicycle 401.1667 164.0556 8.0 26.0 0.193622
Bicycle 342.1667 12.5556 28.0 9.0 0.0
Bicycle 348.9785 37.9711 23.7919 8.1365 3.059945
Bicycle 351.6667 57.5556 27.0 11.0 2.735112
Bicycle 359.6667 75.5556 25.0 9.0 0.0
Bicycle 358.6667 87.5556 27.0 9.0 0.0
Bicycle 359.2931 100.4196 30.7882 8.2106 2.795257
Bicycle 391.1667 159.0556 8.0 26.0 0.543478
Bicycle 364.6667 144.5556 26.4033 7.5411 2.680278
Bicycle 381.6667 298.5556 29.0 9.0 0.0
Bicycle 383.5202 275.5159 25.9041 8.6063 0.355264
Bicycle 388.3661 263.6246 8.2754 27.2107 2.109703
Bicycle 374.6667 152.0556 9.0 30.0 0.802872
Bicycle 442.1568 258.1031 7.5112 27.3685 2.521343
