Bicycle 48.4735 184.3514 25.3374 10.4886 2.80049
Bicycle 65.3603 208.006 25.4686 10.6687 2.748493
Bicycle 116.6667 288.0556 23.8972 13.1881 2.490237
Bicycle 86.1667 245.5556 28.0 11.0 2.60211
Bicycle 166.8472 363.4599 31.1833 11.801 2.905288
Bicycle 155.951 346.5765 30.2282 8.8624 2.610192
Bicycle 153.6667 338.0556 29.0 10.0 2.71228
Bicycle 123.6667 298.0556 29.0 10.0 2.531234
Bicycle 140.1667 321.5556 26.0 9.0 2.605303
Bicycle 146.4394 328.141 26.2396 7.8576 2.510325
Bicycle 180.7012 381.1172 12.2053 24.1 1.023329
Bicycle 192.6806 395.6774 12.2903 27.4976 0.56051
Bicycle 203.6667 406.5556 23.6322 16.8381 2.556991
Bicycle 210.0514 418.9292 29.6966 9.5927 2.578276
Bicycle 215.6667 428.0556 27.0 12.0 2.55359
Bicycle 238.6667 463.0556 11.0 24.0 0.575775
Bicycle 253.711 462.5518 11.7016 28.7924 0.35201
Bicycle 272.1667 459.5556 8.0 23.0 0.0
Bicycle 283.1667 459.5556 8.0 27.0 0.0
Bicycle 555.014 353.7773 22.3639 6.3118 1.068112
Bicycle 569.7031 342.0125 8.829 23.1449 2.75371
Bicycle 592.2561 339.3759 25.4072 8.1573 0.923987
Bicycle 616.0843 323.7684 11.8056 23.8086 2.675071
