Person 312.6667 349.0556 11.0 16.0 0.0
Bicycle 492.1667 487.5556 8.0 25.0 0.0
Bicycle 387.1667 190.0556 22.0 14.0 0.0
Bicycle 392.1667 215.5556 22.0 11.0 0.0
Bicycle 429.6667 387.5556 25.0 13.0 2.914498
Bicycle 437.1667 403.5556 24.0 13.0 2.744839
Bicycle 481.6667 482.0556 9.0 20.0 0.389533
Bicycle 424.1667 367.0556 24.0 12.0 0.0
Bicycle 421.1667 352.0556 22.0 12.0 0.0
Bicycle 408.1667 290.5556 26.0 11.0 0.0
Bicycle 450.4827 474.9338 24.4093 12.9344 2.517908
Bicycle 472.1667 477.5556 8.0 23.0 0.0
Bicycle 446.1667 435.5556 20.0 11.0 0.0
Bicycle 444.1667 426.0556 24.0 10.0 0.0
Bicycle 466.1667 480.0556 12.0 26.0 0.472419
