Person 220.1667 344.5556 12.0 25.0 0.0
Person 251.1667 303.5556 10.0 19.0 0.0
Person 279.6667 340.0556 7.0 26.0 0.0
Person 257.6667 356.5556 11.0 23.0 0.0
Person 287.6667 376.5556 19.0 31.0 0.0
Person 320.6667 313.5556 11.0 21.0 0.0
Person 493.1667 151.5556 10.0 19.0 0.0
Person 497.1667 184.5556 10.0 19.0 0.0
Person 503.6667 215.0556 7.0 26.0 0.0
Person 526.6667 156.5556 9.0 19.0 0.0
Person 528.6667 139.5556 7.0 17.0 0.0
Person 551.1667 199.5556 8.0 27.0 0.0
Person 392.6667 384.0556 15.0 24.0 0.0
Person 627.6667 215.5556 9.0 23.0 0.0
Person 636.0833 207.1111 7.8333 26.1111 0.0
