Person 210.1667 321.5556 10.0 23.0 0.0
Person 243.6667 331.0556 11.0 28.0 0.0
Person 382.1667 386.0556 8.0 22.0 0.0
Person 436.1667 219.5556 10.0 27.0 0.0
Person 406.1667 158.5556 10.0 19.0 0.0
Person 433.1667 175.5556 10.0 23.0 0.0
Person 482.1667 198.0556 10.0 28.0 0.0
Person 497.1667 199.0556 10.0 26.0 0.0
Person 550.1667 209.5556 8.0 27.0 0.0
Person 202.1667 433.0556 12.0 20.0 0.0
Person 279.1667 274.0556 12.0 16.0 0.0
Person 277.6667 314.5556 11.0 25.0 0.0
Person 536.6667 216.5556 9.0 19.0 0.0
