Person 253.6667 301.5556 9.0 23.0 0.0
Person 291.1667 276.0556 10.0 22.0 0.0
Person 284.6667 340.0556 11.0 26.0 0.0
Person 450.6667 176.5556 9.0 23.0 0.0
Person 458.1667 209.5556 10.0 27.0 0.0
Person 479.6667 197.5556 11.0 25.0 0.0
Person 496.1667 216.0556 10.0 26.0 0.0
Person 380.6667 394.0556 9.0 22.0 0.0
Person 555.6667 213.0556 11.0 30.0 0.0
Person 485.1667 237.0556 10.0 22.0 0.0
Person 296.1667 327.5556 10.0 21.0 0.0
Person 308.1667 336.5556 10.0 23.0 0.0
Person 541.6667 222.5556 9.0 25.0 0.0
Person 351.6667 340.5556 13.0 25.0 0.0
