Person 58.1667 352.5556 16.0 27.0 0.0
Person 91.6667 384.0556 19.0 24.0 0.0
Person 97.6667 404.0556 13.0 26.0 0.0
Person 217.6667 345.0556 11.0 30.0 0.0
Person 266.1667 377.5556 10.0 29.0 0.0
Person 278.6667 293.0556 15.0 28.0 0.0
Person 300.1667 320.0556 12.0 26.0 0.0
Person 330.1667 342.0556 12.0 18.0 0.0
Person 350.6667 336.0556 15.0 30.0 0.0
Person 479.6667 75.5556 11.0 25.0 0.0
Person 522.1667 100.0556 12.0 24.0 0.0
Person 546.1667 102.0556 10.0 28.0 0.0
Person 546.1667 153.0556 8.0 24.0 0.0
Person 566.6667 133.0556 11.0 22.0 0.0
Person 383.6667 378.5556 17.0 23.0 0.0
Person 421.6667 463.0556 17.0 20.0 0.0
