Person 97.1667 345.0556 14.0 26.0 0.0
Person 129.6667 414.5556 13.0 25.0 0.0
Person 154.1667 431.5556 16.0 21.0 0.0
Person 182.6667 389.5556 9.0 21.0 0.0
Person 482.1667 57.5556 14.0 25.0 0.0
Person 522.6667 105.0556 13.0 20.0 0.0
Person 524.6667 193.5556 11.0 29.0 0.0
Person 549.1667 263.0556 12.0 26.0 0.0
Person 373.1667 454.5556 22.0 23.0 0.0
Person 530.1667 165.5556 12.0 21.0 0.0
Person 553.6667 138.0556 11.0 24.0 0.0
Person 561.1667 131.0556 10.0 22.0 0.0
Person 263.6667 411.0556 13.0 20.0 0.0
Person 279.1667 416.5556 14.0 21.0 0.0
