Person 201.1667 250.0556 8.0 24.0 0.0
Person 246.1667 279.0556 8.0 24.0 0.0
Person 228.1667 265.0556 6.0 18.0 0.0
Person 232.6667 264.0556 7.0 16.0 0.0
Person 244.6667 257.0556 9.0 22.0 0.0
Person 375.1667 177.5556 10.0 23.0 0.0
Person 387.6667 197.5556 7.0 21.0 0.0
Person 399.6667 207.0556 7.0 18.0 0.0
Person 405.1667 190.5556 6.0 21.0 0.0
Person 422.1667 214.5556 8.0 19.0 0.0
Person 429.6667 220.0556 7.0 16.0 0.0
Person 435.6667 179.5556 7.0 19.0 0.0
Person 289.1667 286.5556 8.0 21.0 0.0
Person 335.6667 426.5556 9.0 23.0 0.0
