Person 20.6667 464.0556 13.0 28.0 2.774473
Person 346.6667 325.5556 9.0 27.0 0.0
Person 374.1667 328.5556 14.0 33.0 0.0
Person 496.1667 467.5556 12.0 25.0 0.0
Person 293.1667 401.0556 10.0 22.0 0.0
Person 313.1667 399.5556 12.0 25.0 0.0
Person 543.6667 128.0556 11.0 16.0 0.0
Person 603.6667 121.5556 15.0 27.0 0.200053
Person 609.1667 149.0556 14.0 24.0 0.0
Person 423.1667 385.5556 18.0 27.0 0.0
Person 625.6667 153.0556 7.0 24.0 0.0
Person 588.6667 163.0556 13.0 14.0 0.0
Person 602.1667 186.5556 26.0 9.0 0.854382
Person 633.6667 167.0556 11.0 26.0 0.0
