Person 295.6667 289.0556 7.0 26.0 0.0
Person 276.1667 293.5556 8.0 23.0 0.0
Person 271.1667 264.5556 8.0 27.0 0.0
Person 376.1667 357.5556 10.0 25.0 0.0
Person 353.6667 317.0556 9.0 24.0 0.0
Person 325.1667 287.5556 6.0 21.0 0.0
Person 319.1667 278.0556 8.0 24.0 0.0
Person 352.1667 282.0556 10.0 24.0 0.0
Person 427.6667 202.0556 7.0 22.0 0.0
Person 444.6667 194.5556 7.0 21.0 0.0
Person 455.6667 211.0556 9.0 22.0 0.0
Person 506.6667 205.5556 7.0 17.0 0.0
Person 469.1667 198.5556 8.0 31.0 0.0
Person 477.1667 212.0556 8.0 18.0 0.0
Person 493.6667 212.0556 7.0 18.0 0.0
