Person 500.2411 30.6986 13.2546 17.5337 2.338962
Person 499.3313 62.3735 16.0 20.0 0.0
Person 556.8313 44.8735 11.0 17.0 0.0
Person 542.0642 113.6539 17.5055 25.298 0.317812
Person 272.4204 262.785 17.2096 12.9637 0.451864
Person 347.3313 295.3735 12.0 18.0 0.207496
Person 259.0334 292.5678 11.7047 18.7397 0.348771
Person 228.1453 291.2324 28.8182 15.4393 0.75033
Person 229.3313 306.8735 12.0 15.0 0.0
Person 192.003 315.1809 14.0354 17.5185 0.077119
Person 147.8313 310.8735 19.0 19.0 0.0
Person 345.8313 341.3735 15.0 16.0 0.0
Person 470.6236 408.7189 14.8466 26.4549 2.958482
