Person 435.3313 25.8735 20.0 19.0 0.0
Person 475.8313 46.8735 12.3547 16.0425 2.801357
Person 574.8313 77.3735 15.0 22.0 0.0
Person 516.2847 109.6291 12.0932 15.0037 0.244979
Person 499.3065 129.299 14.0252 20.5687 0.35299
Person 188.1475 307.6463 10.5206 16.0056 0.091862
Person 211.4693 362.1218 12.2176 21.5112 3.053424
Person 344.8313 363.3735 11.0 18.0 0.0
Person 260.3313 377.3735 18.0 20.0 0.0
Person 345.8313 406.3735 13.0 14.0 0.318616
Person 404.3313 489.3735 12.0 14.0 0.32812
Person 547.8587 165.6077 18.1077 24.0629 0.129091
Person 560.9947 107.0754 12.3923 17.3671 0.923082
