Person 220.3313 56.8735 14.0 27.0 0.0
Person 576.8474 146.3931 19.0201 22.1624 0.195772
Person 575.2896 182.8066 13.379 15.76 3.096001
Person 617.3313 187.8735 16.0 19.0 0.0
Person 583.6266 197.8417 14.7363 16.6264 0.185894
Person 611.2457 208.2679 16.4966 21.2832 0.428143
Person 281.8313 382.8735 15.0 21.0 0.0
Person 319.3313 383.8735 14.0 25.0 0.0
Person 340.3313 377.3735 16.0 30.0 0.0
Person 343.8313 355.3735 19.0 16.0 0.0
Person 404.3313 380.8735 12.0 21.0 0.0
Person 402.8313 487.8735 15.0 23.0 0.0
Person 404.8313 432.3735 13.0 20.0 0.0
