Person 269.6558 267.7905 17.6723 25.469 0.212629
Person 367.3313 266.3735 10.4919 18.4911 2.805732
Person 361.3313 276.3735 12.0 20.0 0.0
Person 322.8313 329.8735 15.0 21.0 0.0
Person 298.3313 350.3735 18.3285 22.2726 0.294235
Person 404.8313 341.3735 9.0 22.0 0.0
Person 429.0482 450.4087 13.2764 17.7677 0.12787
Person 374.0112 372.9491 10.6895 18.4971 0.2783
Person 534.091 133.661 10.658 18.8244 3.082069
Person 558.5946 144.9718 12.2799 19.2803 0.139801
Person 594.0658 169.2718 17.8866 27.459 0.18073
Person 623.8313 127.3735 13.0 18.0 0.0
Person 625.0549 148.7452 12.3148 21.0873 2.922924
