Person 480.8313 66.3735 17.5636 23.3349 0.261538
Person 483.8313 119.3735 13.0 22.0 0.182263
Person 512.6551 120.4664 11.7712 16.8134 0.346971
Person 500.3313 143.8735 12.0 21.0 0.0
Person 532.8313 127.8735 11.0 23.0 0.163551
Person 223.9246 298.8169 16.6299 20.7737 2.984991
Person 205.8762 336.1009 14.4728 19.2322 2.96692
Person 197.8313 368.3735 9.6333 16.8582 2.297439
Person 186.161 428.6043 11.6272 17.7515 2.842565
Person 314.226 404.4728 15.8065 20.3817 0.346539
Person 339.3313 438.8735 14.0 17.0 0.0
Person 522.8313 225.7818 9.6056 16.2111 0.588003
