Person 218.3313 302.8735 22.0 13.0 2.574563
Person 149.3313 322.3735 14.0 20.0 0.0
Person 240.8313 344.8735 19.0 13.0 0.0
Person 215.0688 384.6003 19.1582 11.6528 2.887072
Person 279.3113 387.8284 14.0462 14.406 0.339293
Person 371.3313 443.8735 16.9412 10.6768 2.629203
Person 341.3313 459.8735 18.0 13.0 2.681256
Person 414.3313 151.8735 14.0 17.0 0.0
Person 445.2528 140.2543 13.6357 19.2393 2.733027
Person 495.8313 70.8735 21.0 19.0 0.0
Person 491.1959 106.368 19.921 14.3961 0.325524
Person 511.1617 105.6544 18.0298 12.636 0.470663
Person 336.8313 499.8735 17.0 15.0 0.0
