Person 429.1985 63.1473 14.1259 28.4061 3.084115
Person 390.0418 73.8602 13.4102 23.1765 2.998457
Person 353.099 90.5494 18.9614 26.0494 0.285758
Bicycle 382.2542 141.5463 40.4448 25.5174 2.981055
Bicycle 380.2919 166.2789 29.3983 19.1346 2.981055
Bicycle 383.7583 189.7711 21.8473 12.4762 0.487262
Bicycle 392.6064 232.7871 36.6901 22.2 0.607589
Bicycle 399.1445 279.1269 35.2029 24.9325 0.236735
Bicycle 401.3313 303.8735 41.7448 18.0657 2.968116
Bicycle 392.7692 341.141 37.1471 20.1916 3.049134
Bicycle 398.8371 359.5883 27.6117 16.1888 3.049134
Bicycle 404.8371 384.5883 44.7962 25.8165 3.049134
Bicycle 409.9817 404.7813 27.4632 14.5398 0.331312
Bicycle 398.3313 441.3735 31.2275 26.6241 3.096657
Bicycle 456.9005 267.5173 33.2015 19.7265 3.124604
Bicycle 458.4411 298.7067 32.1214 17.988 0.272856
Bicycle 468.7265 463.3339 28.8567 16.5488 0.462922
Bicycle 398.8313 459.8735 39.0 17.0 0.0
