Person 282.0555 196.2924 14.4781 31.6952 0.095961
Person 295.7146 274.5232 17.994 30.1749 0.025804
Person 551.7146 486.5232 17.994 30.1749 0.025804
Bicycle 442.8313 350.3735 33.8826 23.4301 2.439336
Bicycle 408.3313 296.3735 22.622 16.1321 3.050195
Bicycle 397.3732 193.6801 21.1514 13.6827 0.276583
Bicycle 402.0347 259.6729 22.1317 13.5966 0.341432
Bicycle 390.8313 85.8735 23.0 19.0 0.0
Bicycle 347.8313 89.8735 29.0 15.0 0.0
Bicycle 345.5052 72.1818 30.2492 14.8347 0.40795
Bicycle 342.117 113.4837 31.5501 13.8954 2.778375
Bicycle 348.8313 144.3735 35.0 24.0 0.0
Bicycle 343.3313 181.8735 28.0 23.0 0.0
Bicycle 352.3252 216.0568 27.6766 14.9156 0.191788
Bicycle 353.9616 265.5277 30.5187 20.0321 3.130473
