Person 288.8313 86.3735 17.0 30.0 0.0
Person 232.8436 61.2829 12.3543 24.8313 0.294235
Person 242.0098 80.3888 12.5077 27.0626 3.061107
Person 262.0098 133.3888 12.5077 27.0626 0.098978
Person 199.552 126.8652 13.8145 24.1039 3.067598
Person 330.6805 148.9871 12.08 24.4028 0.031651
Person 325.6805 216.4871 16.1096 25.2757 0.031651
Person 402.7599 253.9583 11.7551 23.0083 0.192235
Person 488.7599 64.9583 11.7551 23.0083 0.325743
Person 45.4168 385.9997 14.4513 22.3575 2.998458
Person 542.4059 48.4325 11.4384 19.0476 0.366601
Person 475.8313 5.8735 11.0 11.0 0.0
