Person 534.2929 88.7307 14.1213 11.3583 0.748378
Person 515.8313 115.3735 11.0 20.0 0.0
Person 580.2496 146.4971 12.3955 16.05 0.264755
Person 582.6823 158.687 11.9395 24.8517 0.327962
Person 547.8313 165.3735 16.9346 16.0692 0.586992
Person 557.3313 157.3735 12.0 14.0 0.0
Person 266.3313 291.3735 14.0 12.0 0.0
Person 315.0331 344.9201 23.3183 17.2652 2.674186
Person 361.3313 382.3735 12.0 18.0 0.0
Person 239.7088 407.0316 14.9653 19.0268 2.889038
Person 193.8313 396.8735 19.0 13.0 2.589126
Person 331.8313 375.3735 13.0 22.0 0.0
Person 307.8313 400.3735 16.949 18.1585 0.119945
Person 418.7764 493.3371 20.6794 14.3169 0.199829
Person 577.3313 245.8735 11.4662 19.0138 0.402655
