Person 23.3313 118.3735 10.0 20.0 0.0
Person 178.3313 162.8735 10.0 13.0 0.0
Person 159.4357 186.803 9.1981 21.1892 0.343154
Person 197.3313 176.8735 8.0 17.0 0.0
Person 190.3313 191.3735 8.0 16.0 0.096474
Person 248.8313 222.3735 9.0 18.0 0.0
Person 213.8313 183.8735 7.0 11.0 0.0
Person 247.8313 195.8735 7.0 13.0 0.0
Person 276.8313 236.3735 9.0 20.0 0.0
Person 349.8313 135.8735 9.0 17.0 0.0
Person 341.3313 140.3735 8.0 20.0 0.0
Person 381.3313 130.3735 8.0 16.0 0.0
Person 381.41 157.2562 9.3323 14.1383 0.372988
