Person 285.3954 75.9164 10.4488 22.8179 2.985363
Car 9.1657 191.8735 18.3313 51.0 0.0
Car 51.2581 181.0175 34.1467 54.4511 2.944539
Car 107.7047 172.6906 28.3527 43.03 3.022781
Car 160.2047 166.1906 32.4877 50.5733 3.022781
Car 214.6036 160.2139 32.3214 44.502 2.96974
Car 256.9407 152.5256 32.5344 46.8414 2.878234
Car 360.7343 136.2603 31.7534 48.1528 2.878234
Car 529.7616 155.2296 36.5892 53.518 2.881081
Car 280.2616 197.2296 39.3598 62.5359 2.881081
Car 47.0089 235.9685 35.077 52.7071 2.900551
Car 178.5089 343.9685 37.0678 65.5538 2.900551
Car 13.1657 371.8735 26.3313 63.0 0.0
Car 377.4758 309.5838 35.4903 61.6782 2.938033
Car 416.597 303.6711 32.988 55.2134 2.938033
Car 499.597 291.1711 33.1901 54.2341 2.938033
Car 536.3203 288.5151 36.245 55.9721 2.821353
Car 479.2359 364.9617 32.7873 62.3174 2.947506
Car 275.9108 398.6448 35.0137 66.5124 2.846555
Car 193.7435 408.5537 34.7135 66.2774 2.975797
Car 147.6629 408.2779 31.5143 43.5694 3.099095
