Person 501.7739 133.7371 9.2819 11.5224 0.378818
Person 523.3313 138.3735 10.0 18.0 0.0
Person 510.3313 169.3735 8.0 20.0 0.0
Person 526.8313 164.8735 11.0 15.0 0.107953
Person 535.3889 165.5176 10.4845 15.2926 0.245329
Person 525.8974 181.3517 13.7453 18.1914 0.150228
Person 286.6228 292.2427 14.1342 11.0337 2.718739
Person 329.3313 306.8735 10.0 15.0 0.0
Person 438.3313 315.3735 14.0 26.0 0.0
Person 288.8313 350.3735 17.0 22.0 0.0
Person 319.3313 351.3735 12.0 18.0 0.124355
Person 490.8313 369.8735 11.0 19.0 0.0
Person 417.4074 389.4093 14.4749 20.6066 0.295441
