Car 22.8457 222.2206 19.8343 28.4288 2.388513
Car 9.6657 235.3735 19.3313 22.0 0.0
Person 10.3313 203.8735 10.0 17.0 0.0
Person 197.3313 350.8735 10.0 19.0 0.0
Person 486.643 134.9771 8.6566 17.0186 0.292764
Person 495.8313 343.8735 7.0 13.0 0.0
Person 487.3313 344.8735 8.0 15.0 0.0
Person 475.3313 358.3735 10.0 16.0 3.056691
Person 447.3313 372.8735 8.0 13.0 0.0
Person 331.2534 416.4362 11.8411 14.1443 3.119125
Person 320.8313 431.8735 7.0 11.0 2.694292
Person 361.8313 426.8735 9.0 13.0 0.0
Person 385.2652 449.5744 11.8144 16.5161 0.098539
Person 406.3313 429.8735 8.0 11.0 0.0
Person 413.2685 430.0492 9.9284 13.4921 0.127952
