Car 29.5205 187.0187 36.5007 47.1996 2.979941
Car 85.7031 175.048 33.1904 41.164 3.129395
Car 138.8565 172.3938 30.8633 43.3309 2.988589
Car 192.9328 165.8027 35.1793 43.2153 2.890996
Car 235.7158 156.3943 35.0728 49.8131 2.841307
Car 339.3042 138.511 35.1502 47.8657 2.745232
Car 511.5769 155.5413 33.6672 53.7672 2.805681
Car 26.0948 238.6114 33.951 45.6853 2.883894
Car 260.784 201.2345 35.5686 62.5455 2.786514
Car 156.5059 347.1847 35.7807 65.7135 2.936545
Car 356.9698 314.0172 33.1365 59.8825 2.861289
Car 396.7443 298.9422 29.5494 46.602 2.917305
Car 477.3313 288.8735 34.2238 47.8093 2.917305
Car 515.8313 286.8735 35.3694 56.2762 2.896474
Car 128.3465 408.5325 30.1424 38.9689 3.039147
Car 258.6652 401.1471 33.3723 61.7746 2.975017
Car 174.4255 411.5472 36.8161 62.8588 3.060085
Car 460.1377 371.9836 36.994 65.5534 2.975017
Person 163.3313 101.3735 10.0 24.0 0.0
Bicycle 72.3313 82.3735 14.0 22.0 0.0
Bicycle 56.8313 82.8735 13.0 21.0 0.0
Bicycle 47.3313 70.8735 14.0 23.0 0.0
Bicycle 70.8313 65.3735 13.0 18.0 0.0
