Car 29.8313 248.8735 33.0 59.0 0.0
Car 202.3313 198.8735 30.0 43.0 0.0
Car 306.3313 195.3735 30.0 46.0 0.0
Car 368.7675 195.1005 28.7778 43.4981 0.037482
Car 420.449 194.9541 34.0902 47.5626 3.074049
Car 473.449 189.9541 34.0902 47.5626 3.074049
Car 530.9633 188.8958 28.9111 39.4499 0.054091
Car 584.2002 189.3421 32.5552 50.6473 3.066518
Car 630.1657 190.8735 17.6687 47.0 0.0
Car 227.3313 240.8735 28.0 39.0 0.0
Car 306.3313 244.3735 30.0 46.0 0.0
Car 350.2156 238.9498 31.7769 45.1706 3.131492
Car 387.1554 245.8745 32.1538 37.0277 3.080574
Car 462.6554 243.3745 36.3517 50.3084 3.080574
Car 152.7576 369.6435 38.8071 67.9316 0.034804
Car 360.7223 374.3838 32.0567 63.5839 3.060214
Car 401.7223 371.3838 32.0567 63.5839 3.060214
Car 576.2522 371.3411 34.8001 65.9294 2.993317
Car 230.3313 426.8735 35.6169 64.1906 0.085577
Car 358.627 439.2461 34.1945 64.9091 0.017824
Car 536.2211 427.9327 30.9799 42.3361 0.017824
Car 582.2211 425.4327 32.9974 43.3003 0.017824
