Person 212.8313 384.8735 11.0 19.0 2.926414
Person 486.3313 364.8735 8.0 17.0 0.0
Person 491.6004 356.5372 9.0184 15.4087 2.754717
Person 503.3313 370.8735 10.0 15.0 0.18948
Person 339.8313 438.3735 9.0 16.0 2.900831
Person 403.3313 460.8735 8.0 13.0 0.0
Person 398.8313 479.3735 7.0 14.0 0.0
Person 413.3313 460.8735 8.0 13.0 0.0
Person 322.8313 451.8735 9.0 15.0 0.0
Person 288.3313 447.3735 10.0 16.0 0.0
Person 294.8313 478.3735 11.0 22.0 0.0
Person 24.3313 217.8735 10.0 19.0 0.0
Car 16.1657 247.8735 32.3313 25.0 0.0
