Car 161.5373 61.3641 29.4124 48.2767 0.061053
Car 226.6884 102.7692 31.3178 48.9139 0.156978
Car 335.4387 63.36 28.8829 42.3246 3.079815
Car 371.7426 64.6959 30.8344 43.6797 3.009703
Car 333.5799 111.4415 30.5889 47.1774 0.022853
Car 518.727 61.3894 30.7025 49.0926 3.046855
Car 482.5168 109.8255 28.2588 49.8974 3.11391
Car 521.0168 110.3255 27.1762 52.8685 3.11391
Car 594.142 114.5385 27.6288 49.3146 3.084902
Car 133.142 451.5385 38.5896 67.9656 3.084902
Car 80.8867 447.536 35.8962 64.0811 0.046339
