Person 580.8313 10.6867 19.0 21.3735 0.0
Person 633.6657 9.1867 10.6687 18.3735 0.0
Person 565.3313 46.8735 12.0 17.0 0.0
Person 595.8313 46.3735 15.0 14.0 0.0
Person 540.9643 218.3791 19.7325 12.7802 0.832317
Person 494.3313 330.3735 16.0 22.0 0.0
Person 420.8313 288.8735 15.0 13.0 0.0
Person 403.8313 284.3735 11.5524 18.7495 0.329666
Person 354.8313 288.3735 13.0 14.0 0.0
Person 404.7958 325.814 12.9279 16.9909 0.008456
Person 489.0654 392.0235 18.0192 18.6019 0.618815
Person 476.4677 364.9144 24.4525 14.5232 2.714219
