Person 79.3283 157.3664 9.1874 21.4478 0.135171
Person 301.8313 206.3735 9.0 14.0 0.148484
Person 336.8313 218.3735 7.0 14.0 0.0
Person 356.8313 238.3735 11.0 18.0 3.010728
Person 327.8313 275.3735 15.0 22.0 0.0
Person 285.1636 272.1278 11.6927 20.2301 0.531724
Person 425.3313 228.8735 10.0 13.0 0.0
Person 406.391 281.3437 12.111 14.6408 0.321751
Person 472.3313 42.3735 9.9482 19.2103 0.504963
Person 461.3313 74.8735 10.0 15.0 0.0
Person 454.0341 79.4476 9.993 16.2376 3.10411
Person 510.8313 63.3735 17.0 24.0 0.0
Person 561.8313 94.8735 9.0 13.0 0.0
Person 570.8313 97.3735 9.0 14.0 0.287543
