Person 168.8313 294.8735 9.0 19.0 0.0
Person 477.8313 293.3735 7.0 14.0 0.0
Person 469.3313 309.3735 8.0 14.0 0.0
Person 436.3313 304.3735 12.0 10.0 0.0
Person 445.3313 328.8735 8.0 11.0 0.0
Person 353.8313 393.8735 11.0 19.0 0.0
Person 305.8313 395.8735 11.0 13.0 0.0
Person 315.3313 402.3735 10.0 18.0 0.148328
Person 336.3313 394.8735 12.0 21.0 0.0
Person 404.8313 391.8735 9.0 13.0 0.0
Person 379.8313 413.3735 11.0 20.0 0.0
Car 22.8313 192.3735 27.302 14.819 0.432857
Car 10.1657 204.3735 20.3313 18.0 0.0
