Car 41.8313 36.3735 31.9145 60.9136 2.910842
Car 83.3313 32.3735 34.1429 47.056 2.910842
Car 6.6657 43.3735 13.3313 54.0 0.0
Car 167.8313 25.1867 43.0 50.3735 0.0
Car 438.3313 12.6867 38.0 25.3735 0.0
Car 68.8011 195.7209 37.4207 73.3481 2.946349
Car 118.3412 191.4847 39.8831 77.3316 2.977498
Car 309.8412 170.4847 40.2163 81.4413 2.977498
Car 536.9131 137.581 38.8316 75.3974 2.942637
Car 582.3803 133.9185 35.6931 75.4531 2.942637
Car 76.4212 282.99 41.8908 77.6032 3.036226
Car 273.4212 258.99 41.8908 77.6032 3.037159
Car 323.7695 250.2949 41.4701 80.2715 3.037159
Car 415.5303 243.1243 39.4861 77.4988 2.948818
Car 364.8901 435.8078 43.4579 81.8243 2.968755
Car 621.1657 420.8735 35.6687 95.0 0.0
Car 633.6657 216.3735 10.6687 76.0 0.0
