Car 318.7814 247.105 27.2861 42.19 0.093345
Car 459.2477 224.1018 25.6634 36.3093 0.093345
Car 544.2477 225.1018 25.6634 36.3093 0.093345
Car 593.2477 228.1018 25.6634 36.3093 0.093345
Car 539.3212 256.36 27.7361 34.7233 0.048498
Car 575.8212 253.86 26.4949 29.7776 0.048498
Car 605.7778 261.3835 25.9885 30.7673 0.029777
Car 410.4599 331.194 31.2796 41.6469 0.043789
Car 468.9688 369.0521 29.5374 38.2102 0.201903
Car 575.537 340.7553 28.0091 37.5398 0.010757
Car 610.537 347.7553 28.0091 37.5398 0.010757
Car 571.0287 385.4533 31.5789 42.5671 0.112398
Car 631.1657 231.3735 15.6687 40.0 0.0
Person 572.3313 89.8735 10.0 19.0 0.0
