Person 51.7167 15.9337 14.1875 15.7265 2.737399
Person 576.2002 14.1225 15.4307 13.5856 0.209843
Person 501.7634 36.3555 12.3064 16.0411 0.185543
Person 378.8313 139.8735 13.0 19.0 0.0
Person 421.2436 228.8564 10.1445 14.6703 2.995243
Person 493.3313 243.3735 16.0 20.0 0.0
Person 471.8379 285.4967 15.2674 19.7826 0.205743
Person 361.3313 272.3735 12.0 18.0 0.0
Person 385.0063 288.2278 12.9795 19.831 0.542094
Person 392.8313 301.3735 17.0 14.0 0.0
Person 444.3313 326.3735 12.0 20.0 0.241921
Person 462.4694 355.075 17.3425 20.9619 0.479211
