Car 47.8313 213.8735 35.2224 66.0408 3.049502
Car 114.4726 205.9483 42.0048 69.4546 2.962301
Car 178.1367 197.3868 41.4921 68.2508 3.005162
Car 246.0602 182.9582 36.0507 65.4682 3.102398
Car 309.5741 179.652 38.3304 71.2123 3.007382
Car 377.3856 170.1747 40.0961 70.5584 2.964623
Car 429.0088 164.9477 39.0038 71.8868 2.907004
Car 556.0088 140.4477 42.1969 75.7344 2.907004
Car 33.9652 293.1194 37.5869 78.3096 2.965385
Car 77.9652 292.1194 37.5053 55.9491 2.965385
Car 171.4652 275.1194 41.2416 74.8975 2.965385
Car 458.3224 238.6115 41.1962 82.0889 2.89457
Car 327.029 451.0915 46.2444 92.8414 2.926823
Car 575.6624 413.7599 39.8169 87.2897 2.9521
Car 621.6657 413.8735 34.6687 85.0 0.0
Car 59.8313 476.0 51.0 70.0 0.0
Car 113.3313 471.1867 50.0 79.6265 0.0
Bicycle 232.3313 45.8735 18.6978 30.1893 0.384749
Bicycle 215.3313 44.3735 12.0 32.0 0.0
Bicycle 202.8313 24.8735 11.0 27.0 0.0
Bicycle 401.4134 28.9313 27.6522 12.6538 0.240846
Bicycle 256.5097 16.5821 12.1648 26.3181 3.084632
Bicycle 270.6672 15.1867 10.6718 30.3735 0.0
Bicycle 147.2349 6.6867 9.8072 13.3735 0.0
Bicycle 234.1397 19.4831 7.0424 24.0448 2.909544
Bicycle 352.4486 32.2182 23.4142 13.4132 0.331915
Bicycle 125.3313 7.8735 10.0 13.0 0.0
Bicycle 98.2426 13.1867 11.8226 26.3735 0.0
Bicycle 61.543 9.6867 8.4233 19.3735 0.0
Bicycle 529.3313 9.8735 12.0 17.0 0.0
