Person 484.5496 205.4897 12.8993 22.1352 0.145092
Person 447.5496 205.9897 14.7337 20.8566 0.145092
Person 451.4092 230.3379 13.0726 21.5407 3.099553
Person 440.9092 227.8379 12.0314 20.5836 3.099553
Person 271.9447 409.5902 11.091 19.492 0.088656
Person 300.3313 418.8735 13.8122 19.855 0.088656
Person 322.6376 426.7531 11.1294 18.7778 3.016376
Person 343.8313 434.8735 17.2277 15.2711 3.016376
Person 346.8313 447.8735 12.2599 22.7089 3.016376
Person 281.3313 436.8735 9.7829 18.3656 3.016376
Person 256.3375 421.6558 11.7893 20.4997 0.085876
Person 255.8313 456.3735 12.8464 20.9754 0.085876
Car 8.1657 188.3735 16.3313 28.0 0.0
Car 21.1657 160.3735 42.3313 44.0 0.0
Car 31.3313 139.8735 57.3225 27.9845 0.691532
Car 55.5419 117.1483 60.5935 27.17 0.579548
Car 80.0785 97.5853 61.2533 25.527 0.631796
Car 103.3984 78.9261 65.5078 27.4995 0.579961
Car 124.8758 60.2338 54.4077 28.6689 0.596428
Car 137.3758 38.2338 55.2351 28.1072 0.596428
Car 161.8373 21.1867 54.988 42.3735 0.0
Car 184.3313 9.1867 42.0 18.3735 0.0
