Person 532.3313 127.3735 16.0 18.0 0.0
Person 490.3313 153.8735 14.0 17.0 0.0
Person 461.5365 163.5787 13.8411 18.0693 0.119429
Person 445.9961 166.149 12.2336 19.5539 0.078109
Person 353.8313 330.3735 17.0 16.0 0.0
Person 349.8313 385.8735 15.0 17.0 0.0
Person 342.8313 345.3735 17.0 16.0 0.0
Person 330.3313 349.3735 12.0 16.0 0.0
Person 348.7792 417.028 10.7169 13.5595 0.11404
Person 302.3313 349.8735 14.0 15.0 0.0
Person 293.8159 388.8943 10.4512 16.8801 2.841865
Person 324.2017 417.642 13.9255 22.1358 0.324675
Car 13.6657 111.8735 27.3313 37.0 0.0
Car 21.6657 83.3735 43.3313 50.0 0.0
Car 38.1035 55.6763 66.1302 31.0626 0.568067
Car 64.1765 30.2918 64.2252 28.5159 0.609943
Car 87.423 15.6867 63.8166 31.3735 0.0
