Car 399.3313 53.8735 40.0 87.0 0.0
Bicycle 26.3313 54.3735 30.1576 12.2687 2.699115
Bicycle 42.7047 85.3299 27.255 10.797 2.699115
Bicycle 82.2047 133.3299 31.7735 12.9379 2.699115
Bicycle 89.401 144.6103 24.7245 10.3219 2.274946
Bicycle 96.6734 151.2221 32.3105 14.4407 2.786404
Bicycle 119.4053 183.7909 34.0576 22.3305 2.729864
Bicycle 134.189 195.8771 32.3363 16.7328 2.581381
Bicycle 151.3054 252.9185 35.4834 16.786 2.48755
Bicycle 159.725 265.7125 28.8342 13.6898 2.48755
Bicycle 171.225 278.2125 39.0189 15.1972 2.48755
Bicycle 183.225 297.2125 39.0189 15.1972 2.48755
Bicycle 197.348 314.243 36.7434 11.8246 2.513858
Bicycle 204.0524 324.5988 30.5836 19.2587 2.513858
Bicycle 221.3313 357.8735 34.8669 16.6524 2.513858
Bicycle 230.7441 368.052 34.4083 15.3634 2.513858
Bicycle 113.4178 459.8424 37.1131 20.8879 2.687024
Bicycle 107.2852 442.6403 35.3365 13.3018 2.687024
Bicycle 95.9232 432.5177 39.2728 12.7732 2.674274
Bicycle 91.3313 419.3735 34.6943 10.4069 2.739516
Bicycle 80.2125 404.9448 34.6385 14.0357 2.461854
Bicycle 64.8313 393.3735 31.9512 12.9661 2.461854
Bicycle 46.3375 368.4574 37.4914 20.9138 2.461854
Bicycle 111.3313 221.8735 16.7537 30.7947 2.700413
Bicycle 75.8313 246.3735 14.7036 35.395 2.228484
Bicycle 48.8313 261.8735 14.0974 35.3732 2.472443
Bicycle 27.5976 416.9968 14.7529 30.2825 0.453681
Bicycle 10.6657 389.8735 21.3313 13.0 0.0
