Car 6.6657 192.0721 13.3313 21.3973 0.0
Car 15.6657 174.3735 31.3313 32.0 0.0
Car 30.7928 155.6125 55.7524 23.7616 0.627897
Car 49.6382 140.1286 50.9504 24.877 0.571743
Car 70.6382 125.6286 52.0912 22.9539 0.571743
Car 91.455 112.5017 47.1775 22.9139 0.476044
Car 99.5353 94.4411 42.7929 22.7879 0.476044
Car 124.891 80.8436 49.3563 21.0331 0.498235
Car 133.8164 62.8337 48.1971 22.694 0.535561
Car 154.7517 44.8288 50.6055 23.1207 0.510846
Person 405.8313 267.8735 9.0 15.0 0.0
Person 414.7938 242.2751 8.8598 19.4261 3.044013
Person 375.6692 232.6175 12.0259 21.1278 0.032908
Person 343.8313 240.8735 9.6861 20.6925 0.032908
Person 270.8313 335.3735 9.0 18.0 0.0
Person 250.8313 346.8735 13.0 17.0 0.0
Person 260.8313 376.3735 9.0 18.0 3.108818
Person 296.8313 380.3735 9.0 16.0 0.0
Person 313.8313 398.3735 11.0 20.0 0.0
Person 252.8313 395.3735 11.0 22.0 0.0
Person 214.3313 393.3735 10.0 18.0 0.0
Person 231.3313 427.3735 10.0 20.0 0.0
