Car 409.0535 158.2265 42.2952 96.2224 3.031273
Bicycle 22.1657 212.4557 44.4325 13.8439 2.530293
Bicycle 46.3586 242.2051 37.7675 15.4607 2.530293
Bicycle 93.3586 286.2051 37.7675 15.4607 2.572338
Bicycle 112.3087 302.1229 36.6941 16.9529 2.572338
Bicycle 143.2064 329.9029 36.9251 23.681 2.5083
Bicycle 158.9028 342.427 33.0382 14.1403 2.340252
Bicycle 185.4099 399.3711 36.562 20.4922 2.340252
Bicycle 194.5502 412.2425 33.2636 14.9037 2.340252
Bicycle 206.0502 423.2425 39.6606 16.9233 2.340252
Bicycle 223.5502 442.2425 39.0099 20.4697 2.340252
Bicycle 239.8183 455.9293 41.728 12.8938 2.42581
Bicycle 247.8313 467.8735 34.0892 19.3887 2.42581
Bicycle 269.2319 495.6531 31.9084 13.4177 2.665063
Bicycle 281.3313 502.1867 26.0 17.6265 0.0
Bicycle 136.3313 372.3735 18.0956 32.0086 2.475943
Bicycle 104.3684 403.6239 14.312 36.486 1.974679
Bicycle 79.4645 423.0038 18.948 38.5912 2.360027
Bicycle 19.3643 479.8232 14.0987 32.3333 2.129813
