Car 370.3313 12.1867 32.0 24.3735 0.0
Car 365.8313 250.8735 37.0 75.0 0.0
Person 215.356 419.4888 13.1474 24.3352 3.018087
Bicycle 83.8098 312.7979 27.1409 10.7232 2.667548
Bicycle 83.379 324.4681 26.8089 12.0897 2.494294
Bicycle 95.3313 328.3735 31.5374 12.8604 2.660251
Bicycle 114.9138 353.3363 28.5244 16.406 2.641516
Bicycle 128.398 363.675 29.2125 12.9956 2.641516
Bicycle 141.7254 409.0124 32.1769 17.8109 2.55038
Bicycle 148.3677 420.9796 27.7527 12.3529 2.55038
Bicycle 157.5594 430.0691 33.8338 17.1428 2.529998
Bicycle 169.4099 446.3558 36.0455 16.2922 2.529998
Bicycle 182.0871 459.5253 35.1311 15.2369 2.529998
Bicycle 186.8313 471.3735 29.804 18.4586 2.529998
Bicycle 202.8313 496.6304 28.5308 13.3077 2.529998
Bicycle 213.8313 505.1867 27.0 11.6265 0.0
Bicycle 105.8313 383.8735 16.654 30.8001 2.617343
Bicycle 71.4705 406.1901 13.4536 33.3734 2.306225
Bicycle 48.3313 418.3735 13.6192 31.4089 2.615344
Bicycle 42.3313 503.1867 28.0 15.6265 0.0
