Person 317.3313 241.8735 8.0 19.0 0.0
Person 310.3313 242.3735 10.0 16.0 0.0
Person 306.8313 262.8735 17.0 19.0 0.0
Person 223.3313 330.3735 8.0 18.0 0.0
Person 206.8313 332.8735 9.0 21.0 0.0
Person 231.5279 360.6208 13.4185 20.3303 2.823764
Person 195.8313 347.3735 9.0 14.0 2.953167
Person 185.3313 344.8735 9.6971 16.461 2.714107
Person 195.0677 362.2281 9.827 15.4969 2.6568
Person 185.3313 363.8735 8.0 17.0 0.0
Car 160.3313 112.8735 39.3165 20.3768 0.591311
Car 145.8313 125.3735 39.0466 19.707 0.651347
Car 132.2521 135.9498 34.9685 19.3519 0.584418
Car 113.8558 144.9391 32.5257 21.6254 0.564515
Car 102.5813 156.0831 33.9055 17.0933 0.564515
Car 82.5088 166.3037 32.9491 18.3326 0.564515
Car 68.5088 177.3037 37.3985 18.783 0.564515
Car 48.0088 186.3037 33.1743 16.1079 0.564515
Car 33.0088 198.3037 39.3134 17.6283 0.564515
Car 17.8948 206.4148 32.5705 12.4187 0.564515
Car 4.1657 219.0257 8.3313 17.3044 0.0
