Person 233.3313 416.3735 12.0 18.0 0.0
Person 297.3313 418.8735 8.0 21.0 0.0
Person 285.8313 457.8735 13.0 23.0 0.0
Person 277.2537 352.6345 13.8045 20.4571 0.078612
Person 259.3313 365.8735 12.0 17.0 0.0
Person 273.3313 378.8735 10.0 17.0 0.0
Person 281.4079 392.0789 13.3994 19.6238 0.41333
Person 433.8313 221.8735 11.0 21.0 0.0
Person 426.8332 191.5856 11.4243 18.2693 3.013852
Person 413.8313 210.8735 14.3096 22.7428 2.917802
Car 7.1657 161.8735 14.3313 23.0 0.0
Car 20.1657 138.8735 40.3313 43.0 0.0
Car 29.939 117.1376 54.6228 25.0503 0.639048
Car 53.2613 97.7168 55.4663 26.7874 0.667775
Car 78.1609 80.2079 59.1073 28.2512 0.635224
Car 100.0744 60.9054 62.4179 26.0576 0.605077
Car 123.8793 44.2469 58.6978 24.3615 0.518613
Car 135.3905 25.3071 53.6083 25.6101 0.558697
Car 158.9369 11.6867 48.7888 23.3735 0.0
