Person 72.8313 164.8735 11.0 13.0 0.0
Person 168.3313 208.3735 10.0 18.0 0.0
Person 195.3313 468.8735 8.0 17.0 3.012122
Person 181.8313 205.3735 11.0 16.0 0.0
Person 200.8313 204.3735 11.0 20.0 0.0
Person 214.8313 194.3735 11.0 16.0 0.0
Person 227.8313 197.3735 9.0 14.0 0.0
Person 305.3313 164.8735 8.0 15.0 0.0
Person 342.8313 164.3735 9.0 16.0 0.0
Person 314.8313 157.8735 7.0 11.0 0.0
Person 312.3313 147.3735 8.0 12.0 0.0
Person 578.3313 36.3735 8.0 14.0 0.0
Person 587.8313 22.8735 5.0 13.0 0.0
Car 15.8409 151.1633 14.043 15.5939 2.323948
Car 39.4587 148.1805 16.8772 11.0277 0.658809
Car 49.7151 140.3985 13.5953 9.7725 0.658809
Car 76.2267 136.2636 15.7891 9.8273 0.352044
Car 84.8313 129.3735 17.3933 8.6298 0.507942
Car 103.3313 125.8735 15.0 10.0 0.643501
Car 113.3313 121.3735 18.2002 9.6308 0.576999
Car 122.8313 114.8735 17.0 11.0 0.0
Car 141.8305 111.8096 12.7069 11.655 0.574889
Car 145.8313 104.8735 15.0 11.0 0.0
Car 166.639 102.0043 14.1435 10.2593 0.376242
Car 171.8313 95.8735 20.758 12.1288 0.256606
Car 197.8792 86.6562 18.3575 8.2306 0.452972
Car 204.3313 78.3735 16.0 10.0 0.0
