Person 217.4773 285.7064 9.6575 12.3809 2.924122
Person 393.3313 379.3735 10.0 18.0 0.0
Person 618.3313 364.3735 8.0 12.0 0.0
Person 365.8313 27.8735 9.0 15.0 0.0
Person 366.3313 47.8735 8.0 13.0 0.0
Person 348.8313 43.8735 7.0 11.0 0.0
Person 336.3313 40.3735 6.0 16.0 0.0
Person 276.3313 72.8735 8.0 13.0 0.0
Person 260.3313 72.3735 6.0 14.0 3.082837
Person 251.3313 76.3735 8.0 10.0 0.0
Person 243.8313 69.8735 7.0 17.0 0.0
Person 235.8313 75.3735 7.0 16.0 0.0
Person 243.8313 88.8735 7.0 13.0 0.0
Person 233.8313 89.8735 9.0 13.0 0.0
Car 83.8313 32.3735 12.6373 12.8569 2.686873
Car 93.8313 27.8735 10.4013 12.8768 2.686873
Car 117.4632 20.5675 9.2627 15.4384 2.392143
Car 127.0261 17.4145 9.4908 14.1838 2.392143
Car 144.2994 13.9682 6.3533 11.8433 2.342031
Car 151.4126 9.5361 13.5893 7.9846 0.519146
Car 161.8313 5.3735 9.0 8.0 0.0
Car 178.0444 2.1867 12.5738 4.3735 0.0
