Car 398.3313 62.8735 44.7869 96.0163 3.011969
Bicycle 14.6657 116.3735 29.3313 26.0 0.0
Bicycle 34.5254 148.5441 36.3981 16.8774 2.481082
Bicycle 82.8442 193.3151 36.6696 14.1311 2.563023
Bicycle 101.8313 209.3735 37.8488 15.8893 2.563023
Bicycle 132.8313 237.8735 37.8148 19.4947 2.563023
Bicycle 147.3667 249.7621 33.0578 13.2495 2.353838
Bicycle 175.0647 306.0776 38.177 20.5077 2.353838
Bicycle 185.7971 318.3441 33.2623 14.8609 2.353838
Bicycle 197.2971 330.3441 36.8028 16.9738 2.353838
Bicycle 215.2971 347.3441 38.2203 18.3847 2.353838
Bicycle 231.8313 361.3735 37.2922 13.2019 2.43962
Bicycle 238.0689 372.3332 33.5874 18.8487 2.43962
Bicycle 261.3313 402.8735 36.1989 18.4022 2.498031
Bicycle 271.8102 413.5129 36.2001 20.0 2.498031
Bicycle 127.3447 279.1811 34.8667 20.0265 0.747069
Bicycle 96.6093 308.6027 38.04 17.1059 0.364461
Bicycle 69.8313 329.8735 39.3603 17.3427 0.848729
Bicycle 13.1657 385.8735 26.3313 21.0 0.0
Bicycle 87.8313 438.3735 19.7711 38.55 0.767856
Bicycle 109.3313 460.3735 14.6857 30.8598 0.767856
Bicycle 127.9018 471.8898 19.1013 33.6878 0.767856
Bicycle 25.448 436.6441 15.6202 38.2447 0.688383
Bicycle 50.4469 465.1885 17.687 36.0806 0.802086
Bicycle 137.8826 483.628 12.1992 37.8458 0.925458
Bicycle 146.8826 495.628 12.1992 37.8458 0.925458
Bicycle 74.5033 489.4881 16.7106 37.5612 0.46028
Bicycle 157.8313 500.1867 29.0 21.6265 0.0
