Car 437.3313 475.6867 44.0 70.6265 0.0
Bicycle 119.3313 10.6867 34.0 21.3735 0.0
Bicycle 135.4793 22.2857 34.4349 13.6599 2.344633
Bicycle 157.7597 81.9636 38.2139 22.1609 2.344633
Bicycle 167.2597 95.9636 31.7605 14.4569 2.344633
Bicycle 179.7597 108.9636 39.579 17.9022 2.344633
Bicycle 196.2597 126.9636 40.2779 17.187 2.344633
Bicycle 209.3313 141.3735 39.9003 14.2817 2.461191
Bicycle 216.839 153.8228 33.7542 17.8389 2.461191
Bicycle 237.0435 185.3712 38.1974 15.4707 2.461191
Bicycle 246.1303 197.4563 36.4606 16.7889 2.570458
Bicycle 113.9511 51.9815 16.8022 31.6915 2.407375
Bicycle 79.5828 79.6046 17.6907 35.6925 2.111429
Bicycle 54.2251 99.7536 17.1253 38.2638 2.415433
Bicycle 60.8313 206.8735 39.988 20.4685 2.374909
Bicycle 81.3975 230.2324 32.5212 16.2738 2.374909
Bicycle 97.8313 241.8735 38.7106 15.7318 2.38841
Bicycle 109.3313 254.3735 35.1566 14.967 2.634232
Bicycle 116.6953 266.8327 36.7147 15.1517 2.634232
Bicycle 129.5561 276.5824 36.7147 15.3552 2.634232
Bicycle 134.5561 295.5824 40.0153 21.7665 2.634232
Bicycle 6.6657 196.8735 13.3313 23.0 0.0
Bicycle 23.9044 231.2193 34.0863 15.1238 2.570771
Bicycle 45.3313 257.8735 33.0657 17.0781 2.094026
Bicycle 7.6657 372.579 15.3313 12.4111 0.0
Bicycle 4.1657 339.8735 8.3313 9.0 0.0
Bicycle 5.6657 350.3735 11.3313 14.0 0.0
