Bicycle 321.2779 130.5425 24.0031 10.9009 2.854654
Bicycle 318.2779 121.5425 24.0031 10.9009 2.854654
Bicycle 306.3205 103.2701 20.4025 12.5314 2.854654
Bicycle 303.966 94.4493 26.9975 9.8288 2.787166
Bicycle 295.5607 86.004 30.4136 14.1995 2.66721
Bicycle 287.1611 74.0912 28.5527 15.1976 2.669924
Bicycle 275.5226 58.1618 30.9142 17.4336 2.669924
Bicycle 269.0619 28.3968 22.7535 13.7986 2.669924
Bicycle 260.0619 18.8968 22.2991 14.6894 2.669924
Bicycle 226.7648 169.1287 27.8661 12.8919 2.844283
Bicycle 224.7648 158.1287 27.8661 12.8919 2.844283
Bicycle 219.8607 151.0258 25.7042 9.6572 2.587794
Bicycle 214.3055 148.4479 24.3196 9.4885 2.370308
Bicycle 208.3313 138.8735 26.35 13.0644 2.370308
Bicycle 199.8313 130.3735 24.8874 14.8868 2.602523
Bicycle 185.8313 112.3735 26.2668 20.3729 2.602523
Bicycle 168.5183 138.5861 24.9397 14.4074 2.20418
Bicycle 157.3313 122.3735 22.9768 13.5672 2.835006
Bicycle 143.8313 103.3735 24.9971 14.8374 2.674775
Bicycle 114.7344 184.8578 28.7238 13.1652 2.871743
Bicycle 103.8313 168.8735 25.0 9.0 0.0
Bicycle 100.7085 154.8573 19.4741 11.8783 2.850498
Bicycle 95.1908 142.3653 20.3884 10.2401 2.83086
Bicycle 248.8313 39.3735 12.5286 23.8335 2.601558
Bicycle 222.3893 49.8582 12.3552 25.3015 2.40354
Bicycle 201.3121 57.0144 10.3812 24.3833 2.562117
Bicycle 148.054 76.9338 11.6572 25.1578 2.487777
Bicycle 113.1809 87.5846 13.8672 25.0865 2.031711
Person 393.3313 17.8735 12.0 21.0 0.0
Car 425.9034 320.6566 33.3551 66.7668 0.186289
Car 409.0144 414.5677 29.2391 65.3264 0.186289
