Car 350.7608 458.495 38.701 84.2103 0.041884
Car 352.471 16.1867 30.2794 32.3735 0.0
Bicycle 88.8313 51.8735 24.0616 16.4632 2.711266
Bicycle 96.0279 63.4574 29.7548 14.5451 2.862967
Bicycle 114.8313 85.8735 28.9001 19.9696 2.622447
Bicycle 128.8313 96.3735 26.9155 15.3803 2.622447
Bicycle 141.1744 135.3472 31.7256 20.4438 2.514757
Bicycle 145.8313 146.3735 24.2133 12.5983 2.514757
Bicycle 156.0792 154.5026 31.169 16.6177 2.514757
Bicycle 166.4575 166.6443 35.5817 15.2246 2.514757
Bicycle 177.8661 178.7084 33.822 14.188 2.514757
Bicycle 182.7693 190.1941 26.1697 16.9276 2.514757
Bicycle 198.5226 211.7259 32.1322 16.0874 2.680455
Bicycle 204.4434 224.0224 29.9354 15.658 2.680455
Bicycle 107.4758 113.51 12.0566 32.4285 2.560871
Bicycle 76.1084 131.4921 14.4444 32.2201 2.213896
Bicycle 53.765 142.3084 11.2064 28.8639 2.538809
Bicycle 45.2895 219.1206 32.2011 23.8455 2.591505
Bicycle 61.4444 237.6829 28.9985 14.9909 2.498838
Bicycle 73.246 245.5826 32.7997 17.3923 2.498838
Bicycle 82.8087 256.2795 32.3243 12.2236 2.742964
Bicycle 87.5244 265.707 34.6679 12.6371 2.572225
Bicycle 97.2021 274.4471 33.9463 14.8604 2.770946
Bicycle 100.2452 286.6247 33.1735 14.4982 2.770946
Bicycle 28.3726 256.5712 16.1224 28.9589 0.502843
Bicycle 13.4468 236.406 23.985 14.7696 2.900713
Bicycle 4.1657 206.8735 8.3313 15.0 0.0
