Car 389.3313 242.8735 38.3446 91.2945 3.094453
Bicycle 14.3313 268.8735 28.0 25.0 0.0
Bicycle 29.9845 299.4601 32.4479 14.474 2.56484
Bicycle 71.8199 345.314 35.7371 16.1462 2.618111
Bicycle 77.3313 356.8735 29.9936 13.0149 2.323282
Bicycle 89.2172 364.937 31.9581 15.3702 2.626102
Bicycle 113.7026 392.9954 34.3451 21.9525 2.603382
Bicycle 131.3313 406.3735 32.7959 13.4323 2.466809
Bicycle 151.4896 463.447 37.6379 19.6794 2.466809
Bicycle 160.1842 477.6903 33.1087 16.2421 2.466809
Bicycle 171.1842 488.6903 38.731 16.8666 2.466809
Bicycle 189.3313 501.6867 26.0 18.6265 0.0
Bicycle 107.6129 433.0624 17.7957 34.4499 2.576027
Bicycle 74.4641 460.7074 16.1239 34.5559 2.098545
Bicycle 47.2451 481.0388 16.6518 33.2515 2.440556
