Person 440.8313 73.3735 13.0 18.0 0.216577
Person 380.3313 33.3735 14.7596 19.0303 0.827979
Person 349.519 66.86 10.9907 15.949 0.415134
Person 362.3292 96.8464 16.2235 16.9581 3.030452
Person 342.8313 297.8735 13.0 11.0 0.294235
Person 325.3313 295.8735 14.0 11.0 0.0
Person 406.3313 336.8735 10.0 15.0 2.717398
Person 328.8313 333.3735 11.0 16.0 0.0
Person 343.8313 349.3735 17.0 22.0 0.0
Person 355.8313 345.3735 15.0 12.0 0.0
Person 336.9142 333.1126 8.2796 13.3812 2.768605
Person 311.5782 353.5592 19.9419 23.2304 2.817508
Person 292.3313 387.8735 14.0 13.0 0.0
