Person 449.3313 107.3735 12.0 20.0 0.0
Person 460.8313 69.8735 9.0 15.0 0.0
Person 477.3313 57.3735 12.0 16.0 0.0
Person 484.4664 42.1736 12.1919 15.8008 0.259463
Person 389.3313 280.3735 14.0 12.0 0.0
Person 343.8313 262.3735 11.0 14.0 0.0
Person 369.3806 310.5054 13.8571 16.2572 0.133767
Person 311.8313 272.8735 11.0 15.0 0.0
Person 348.5588 324.9608 10.6647 17.2507 0.172525
Person 334.3162 319.8521 15.1207 17.9045 0.172525
Person 297.3313 294.3735 11.3146 18.3297 0.172525
Person 313.3313 340.3735 16.7519 17.4176 0.339293
