Car 47.9734 220.6144 20.6747 29.0829 3.069502
Car 144.4299 214.1426 20.2027 29.1064 2.947123
Car 10.3313 348.8735 20.0 37.0 0.0
Car 171.3598 213.2486 17.0903 27.7189 2.968372
Car 147.0033 189.1897 17.1951 19.6745 3.01881
Car 184.2985 187.4265 17.4781 22.2018 3.01881
Car 215.7127 181.6036 16.0516 22.4374 3.087683
Car 220.4113 211.3639 17.1875 26.271 3.030174
Car 268.2701 207.8789 19.0819 25.5693 3.016526
Car 317.5254 180.5676 20.1447 24.8754 2.952397
Car 314.7051 202.9155 17.206 22.074 2.952397
Car 352.8313 176.3735 18.3735 22.9655 3.083122
Car 385.3313 174.3735 18.3824 26.4969 3.054214
Car 517.3648 162.2318 21.9104 30.8778 2.962719
Car 623.676 182.2695 19.4393 31.7589 2.827861
Car 135.3313 296.8735 20.0 33.0 0.0
Car 187.3313 295.8735 20.0 33.0 0.0
Car 265.0816 293.0301 21.4902 33.359 3.111032
Car 495.4391 283.0854 20.9161 31.9526 3.000521
Car 572.3879 278.754 22.7689 31.8597 2.835581
OtherVehicle 57.7452 285.5606 32.8873 75.6515 3.11903
Bicycle 138.8313 121.3735 7.0 12.0 0.0
Bicycle 89.3313 110.3735 8.0 8.0 0.0
Bicycle 114.3313 123.8735 6.0 17.0 0.0
Bicycle 247.3313 116.3735 10.0 12.0 0.0
Bicycle 147.0843 125.0832 7.1736 12.7829 0.614312
Bicycle 259.8313 123.3735 9.0 16.0 2.949488
Bicycle 267.3313 112.8735 8.0 11.0 0.0
Bicycle 295.3313 111.8735 8.0 19.0 2.865374
Bicycle 279.8313 115.8735 7.0 9.0 2.94593
Bicycle 315.3313 106.3735 10.0 22.0 3.049074
Bicycle 324.3313 106.8735 8.0 15.0 2.942626
Bicycle 343.6212 105.9732 15.8118 11.3388 2.457796
Bicycle 332.3536 118.4164 11.4183 22.8829 0.215358
Bicycle 352.9041 118.9411 6.3113 11.6432 2.884665
