Person 293.3313 122.3735 8.0 16.0 0.0
Person 308.8313 116.8735 9.0 15.0 0.0
Person 302.3313 127.8735 8.0 13.0 0.0
Person 326.3313 117.3735 8.0 16.0 0.0
Person 318.8313 125.8735 7.0 13.0 0.0
Person 348.8313 117.8735 9.0 15.0 0.0
Person 338.3313 133.3735 8.0 10.0 0.0
Person 314.8313 135.8735 7.0 11.0 0.0
Person 357.3313 125.8735 10.0 13.0 0.0
Person 351.8313 141.3735 7.0 14.0 0.0
Person 370.3313 136.3735 8.0 14.0 0.0
Person 341.3313 187.8735 8.0 15.0 0.109451
Person 333.3313 178.8735 8.0 15.0 0.174089
Person 356.8313 179.8735 7.0 11.0 0.0
Person 400.8313 197.3735 7.0 18.0 0.0
Person 578.3313 185.8735 8.0 13.0 0.0
Person 567.8313 183.3735 11.0 10.0 0.0
Person 163.3313 302.3735 8.0 16.0 0.0
Person 180.8313 321.8735 9.0 17.0 0.0
Person 284.8313 312.8735 9.0 17.0 0.0
Person 299.3313 301.8735 8.0 15.0 0.0
Person 308.8313 308.8735 7.0 17.0 0.0
Person 320.8313 317.3735 9.0 16.0 0.0
Person 329.3313 306.8735 14.0 15.0 0.0
Person 591.8313 390.3735 9.0 16.0 0.0
Person 582.3313 414.8735 10.0 17.0 0.0
