Person 154.369 198.3023 10.3751 18.9967 2.26688
Bicycle 151.3769 202.0813 28.8047 9.7679 0.614285
Bicycle 161.6429 229.5908 31.8953 21.4808 2.55359
Bicycle 190.3313 233.3735 22.0 34.0 0.0
Bicycle 202.9304 200.5361 11.2454 28.2913 0.153019
Bicycle 185.3313 161.3735 8.0 22.0 0.0
Bicycle 183.4426 195.6311 20.1913 29.6596 0.054521
Bicycle 211.3313 206.8735 10.0 21.0 0.0
Bicycle 243.2732 203.5749 16.2733 36.6448 0.159408
Bicycle 287.2652 151.1613 18.2448 32.3223 0.184598
Bicycle 314.4702 162.1702 16.739 32.8327 0.315581
Bicycle 320.7826 143.1321 29.9374 10.6223 0.546485
Bicycle 340.2409 154.5236 15.9165 30.3404 0.301736
Bicycle 358.3773 159.4414 15.5218 33.4052 0.277947
Bicycle 368.4142 161.8119 13.3242 32.7231 0.277947
Bicycle 380.0014 168.8669 14.0351 30.6144 0.230797
Bicycle 305.9778 192.6833 15.1832 28.6042 0.075329
Bicycle 330.3023 194.3276 14.3798 29.3225 0.269364
Bicycle 343.5138 194.7741 14.209 35.3812 0.603077
Bicycle 352.8313 220.3735 11.0 30.0 3.02939
Bicycle 328.2624 234.9211 11.6874 27.1398 0.197396
Bicycle 314.8313 256.8735 15.0 31.0 0.0
Bicycle 327.391 264.339 13.3402 33.6298 0.212052
Bicycle 341.7684 267.0557 13.9887 37.0848 3.110741
Bicycle 298.3536 294.7381 15.6634 30.5586 3.065013
Bicycle 393.678 320.5914 33.3267 14.1577 3.09899
Bicycle 452.8578 331.0599 37.8664 16.4823 0.280074
Bicycle 581.2735 354.9893 40.4959 19.0475 0.242443
Car 120.8313 470.3735 35.245 71.6854 0.141464
Car 186.3313 481.1867 42.0 59.6265 0.0
Car 253.8313 477.6867 47.0 66.6265 0.0
Car 390.3313 495.1867 46.0 31.6265 0.0
