Person 318.8313 200.3735 7.0 18.0 0.0
Person 316.3313 189.8735 8.0 17.0 0.0
Person 170.8313 363.8735 9.0 17.0 0.0
Person 172.8313 406.3735 9.0 16.0 0.0
Person 314.2222 396.7135 10.0559 17.0274 0.318493
Person 317.3313 412.3735 8.0 16.0 0.0
Person 366.3313 391.3735 12.0 18.0 0.0
Person 369.3313 404.3735 8.0 12.0 0.0
Person 345.8313 184.3735 7.0 14.0 0.0
Person 339.8313 194.8735 9.0 13.0 0.0
Person 335.8313 208.8735 7.0 17.0 0.0
Person 356.3313 185.3735 10.0 14.0 0.0
Person 360.8313 198.8735 9.0 15.0 0.0
Person 382.3313 185.3735 10.0 14.0 0.0
Person 390.3313 192.8735 10.0 11.0 0.0
Person 403.2317 202.1319 12.9821 17.0134 0.357916
Person 383.3313 209.8735 10.0 13.0 0.0
Person 350.8313 248.3735 9.0 14.0 0.0
Person 364.8313 259.8735 9.0 15.0 0.0
Person 386.8313 249.3735 9.0 14.0 0.0
Person 432.3313 267.3735 8.0 14.0 0.0
Person 425.3313 280.8735 8.0 13.0 0.0
Person 345.8313 410.8735 9.0 17.0 0.229576
Person 356.8313 417.8735 11.0 17.0 0.0
