Person 216.3313 259.8735 10.0 21.0 0.0
Person 201.8313 258.8735 11.0 19.0 0.0
Person 180.3313 269.8735 12.0 17.0 0.0
Person 189.3313 281.8735 10.0 17.0 0.0
Person 154.8313 415.8735 11.0 19.0 0.0
Person 139.8313 419.3735 13.0 16.0 0.0
Person 197.5294 463.7696 10.3492 18.8168 3.100989
Person 133.8313 434.3735 9.0 10.0 0.0
Person 140.8313 437.8735 9.0 13.0 0.0
Person 148.8313 440.8735 7.0 13.0 0.0
Person 155.3313 446.8735 8.0 11.0 0.0
Person 131.3313 458.8735 12.0 21.0 0.0
Person 116.3313 469.8735 14.0 19.0 0.0
Person 152.3313 470.8735 12.0 21.0 0.0
Person 163.3313 475.3735 12.0 16.0 0.0
