Car 47.71 347.1755 30.3751 60.3672 2.663148
Car 157.9119 285.5708 27.7507 64.0173 2.663148
Car 207.3156 261.2271 33.2861 62.2053 2.564665
Car 262.9182 238.4301 30.4907 54.2309 2.742342
Car 367.3313 196.8735 30.8614 52.9582 2.591272
Car 411.4045 174.2388 28.5536 57.0902 2.652184
Car 231.8731 344.1632 34.8502 73.2947 2.562835
Car 160.8119 379.6843 35.3431 66.6484 2.613714
Car 458.8715 455.7651 35.6997 84.0502 2.541653
Bicycle 51.3078 133.3221 18.2294 23.3746 0.168657
Bicycle 72.3313 121.3735 16.0351 28.616 2.737251
Bicycle 180.1722 107.3425 11.9027 29.4706 2.427111
Bicycle 91.6764 78.742 12.3413 33.5562 2.427111
Bicycle 62.3466 96.9467 9.3953 26.5875 2.465247
Bicycle 71.3466 96.4467 8.1537 21.7441 2.465247
Bicycle 34.8313 109.3735 11.3842 26.6721 0.406371
Bicycle 256.8313 78.3735 13.1882 24.312 0.855095
Bicycle 300.1475 52.9789 14.4137 32.6864 1.13819
Bicycle 392.8313 8.6867 31.0 17.3735 0.0
Bicycle 193.3313 69.3735 11.8828 30.8998 2.374547
Bicycle 182.1675 76.1363 10.3302 28.4782 2.660899
Bicycle 168.8193 75.9423 11.8623 25.6063 2.488858
Bicycle 165.8313 56.8735 9.3949 21.0175 2.591207
Bicycle 175.3313 37.8735 26.3067 10.245 0.771613
Bicycle 155.3313 27.3735 10.0 28.0 2.96547
Bicycle 145.3313 33.3735 11.3065 27.4984 2.698709
Bicycle 129.8313 44.3735 10.4116 26.6945 2.453166
Bicycle 93.7062 28.8147 14.4167 25.3289 2.581233
Bicycle 117.8068 17.8188 14.6203 29.8527 2.775074
Bicycle 130.8313 9.1867 15.0 18.3735 0.0
Bicycle 150.0762 6.1867 11.4897 12.3735 0.0
