Car 354.7672 483.6867 44.8718 54.6265 0.0
Car 470.3313 471.3735 32.3782 73.8353 2.852682
Car 228.3313 233.3735 33.6471 66.9916 2.802781
Car 319.079 213.1211 27.6198 58.1421 2.821647
Car 421.0893 185.6104 26.8421 54.6147 2.778627
Car 466.5893 174.1104 32.132 49.1359 2.778627
Car 513.5893 161.1104 32.132 49.1359 2.859858
Car 612.5893 142.1104 32.132 49.1359 2.749118
Car 409.8398 254.9644 30.4117 54.6015 2.749118
Car 475.3398 235.4644 31.2712 60.3688 2.749118
Bicycle 139.3313 60.8735 12.1605 24.7613 2.787067
Bicycle 122.5067 73.1804 10.0179 18.8268 2.936067
Bicycle 126.8313 91.8735 11.0 17.0 0.0
Bicycle 131.8313 71.3735 9.0 26.0 2.85854
Bicycle 138.8313 90.8735 9.0 21.0 2.949308
Bicycle 142.3984 110.121 11.9033 25.6627 0.088874
Bicycle 152.3313 102.8735 10.0 25.0 0.0
Bicycle 162.893 84.4156 10.9472 27.0135 2.716004
Bicycle 187.8313 80.3735 14.5886 27.788 2.589196
Bicycle 204.8313 78.3735 17.5973 34.3414 2.589196
Bicycle 352.2673 56.2962 18.0144 23.8902 0.300775
Bicycle 371.784 51.2314 12.3329 27.8114 2.819842
Bicycle 354.784 33.2314 12.3329 21.4868 2.819842
Bicycle 365.784 30.2314 12.3329 21.4868 2.819842
Bicycle 394.784 23.2314 11.7004 25.914 2.819842
Bicycle 463.8126 55.1166 13.6023 26.7313 2.624573
Bicycle 340.5893 39.7899 10.8428 21.9562 0.46141
Bicycle 432.316 5.1867 11.9694 10.3735 0.0
Bicycle 459.5158 13.8086 10.9379 19.2205 2.825622
Bicycle 458.3313 28.8735 9.4003 21.9234 2.552238
Bicycle 469.4083 31.133 11.2582 25.4036 2.863293
Bicycle 480.8313 28.3735 12.4734 25.0881 2.639989
Bicycle 533.4309 42.3418 23.8589 18.019 2.83354
Bicycle 577.1672 28.8575 33.0925 15.8099 2.83354
