Person 285.3313 49.3735 12.0 16.0 0.0
Person 344.744 3.6867 14.8253 7.3735 0.0
Person 277.3313 3.6867 10.0 7.3735 0.0
Person 253.008 193.6621 28.4389 17.1161 2.981812
Person 258.4697 220.4244 21.528 15.521 2.981812
Person 298.4697 251.9244 13.789 13.2609 2.981812
Person 271.8313 252.8735 17.3261 11.9083 2.981812
Person 247.5918 254.0782 18.6727 10.9223 2.16233
Person 243.2786 269.6811 14.7424 10.8284 2.775845
Person 252.9731 281.0213 14.6437 12.2792 2.775845
Person 263.8313 293.3735 16.1087 11.7265 3.047303
