Person 134.8313 171.3735 9.0 16.0 3.120274
Person 249.8313 23.8735 9.0 15.0 0.0
Person 258.3313 15.8735 8.0 13.0 0.0
Person 261.3313 30.8735 8.0 15.0 0.0
Person 279.3313 13.3735 10.0 16.0 0.0
Person 289.3313 15.8735 10.0 15.0 0.0
Person 306.8313 14.8735 9.0 17.0 0.0
Person 300.8313 25.3735 7.0 14.0 0.0
Person 319.3313 29.3735 8.0 16.0 0.0
Person 306.3313 38.8735 8.0 13.0 0.0
Person 337.3313 58.8735 10.0 15.0 2.841115
Person 344.3313 81.8735 8.0 13.0 2.804768
Person 113.8313 188.8735 7.0 15.0 0.0
Person 309.8313 70.8735 7.0 11.0 0.0
Person 262.3313 180.3735 10.0 14.0 0.0
Person 266.3313 168.8735 8.0 13.0 0.0
Person 257.8313 164.3735 9.0 14.0 0.859925
Person 276.8313 175.3735 9.0 12.0 0.0
Person 286.3313 174.8735 12.0 23.0 0.0
Person 521.3313 238.8735 10.0 17.0 0.0
Person 514.8313 257.3735 9.0 18.0 0.0
Person 102.8313 397.8735 11.0 19.0 0.0
Person 93.3313 386.3735 10.0 18.0 0.0
Person 74.2772 389.158 10.1611 25.6444 3.054495
Person 36.8313 466.3735 11.0 20.0 0.0
Person 23.8313 458.3735 13.0 12.0 0.0
Person 24.3313 476.3735 14.0 26.0 0.0
Person 19.3313 493.8735 14.0 15.0 0.0
Person 67.3313 482.3735 12.0 18.0 0.0
Person 52.3313 497.3735 8.0 14.0 0.0
