Car 12.6657 418.8735 25.3313 67.0 0.0
Car 167.3313 279.8735 28.7353 54.3993 2.830676
Car 259.2275 260.1529 27.6969 56.0908 2.74359
Car 398.3313 176.8735 29.0827 47.95 2.659475
Car 467.9932 310.4098 31.0942 40.9341 2.621578
Car 253.3313 113.8735 27.3964 39.4771 2.744557
Car 202.2094 128.1506 25.4974 36.2327 2.641119
Car 54.7096 123.1415 24.2326 34.1441 2.784198
Car 124.1933 104.004 23.2302 39.9095 2.784198
Car 206.3127 82.6963 22.7564 32.5862 2.726613
Car 238.0405 71.5586 25.6452 35.5571 2.529594
Car 277.7956 60.3141 20.6569 30.7165 2.737446
Car 353.6467 45.7579 27.3127 35.1563 2.722221
Car 386.1737 36.3186 21.5244 35.9933 2.722221
Bicycle 12.0184 23.6889 11.2853 20.6313 2.529162
Bicycle 25.9013 22.4327 13.9984 26.7995 2.529162
Bicycle 143.3313 5.6867 16.0 11.3735 0.0
Bicycle 159.8313 4.1867 13.0 8.3735 0.0
