Person 192.8313 85.8735 9.0 17.0 0.0
Person 177.3313 84.8735 12.0 17.0 0.0
Person 166.3313 79.8735 12.0 21.0 0.0
Person 140.3313 267.8735 10.0 19.0 0.0
Person 153.3313 274.3735 10.0 18.0 3.081962
Person 194.7191 275.8994 11.0566 20.0983 2.906752
Person 141.3313 290.3735 12.0 14.0 0.0
Person 139.3313 303.3735 8.0 14.0 0.0
Person 147.3313 304.3735 8.0 14.0 0.0
Person 155.8313 309.8735 9.0 13.0 0.0
Person 160.8313 314.3735 9.0 12.0 0.0
Person 172.3313 301.8735 12.0 17.0 0.0
Person 189.3313 317.8735 10.0 21.0 2.950985
Person 205.8313 311.8735 11.0 17.0 0.0
