Person 296.4164 7.6867 16.1702 15.3735 0.0
Person 257.6357 16.3556 9.4155 21.72 0.152649
Person 263.8313 25.3735 11.0 14.0 0.0
Person 233.8313 22.8735 9.0 19.0 2.93112
Person 255.7141 261.9615 12.0392 16.8839 0.511814
Person 221.3313 265.3735 16.0 14.0 0.0
Person 251.3313 314.8735 12.0 11.0 0.0
Person 203.3313 308.3735 14.0 14.0 0.0
Person 274.3313 333.8735 14.0 15.0 0.0
Person 200.5125 340.5302 10.9828 9.1635 0.389006
Person 200.8313 349.8735 15.0 11.0 0.0
Person 188.3313 375.8735 14.0 15.0 0.0
