Person 172.3313 87.8735 10.0 17.0 0.0
Person 173.9438 105.6167 9.9604 17.0872 2.777614
Person 163.4632 116.079 9.8273 19.076 2.794087
Person 166.8313 156.3735 15.0 18.0 0.0
Person 204.2003 281.2425 9.5904 19.3878 2.88099
Person 202.8313 347.8735 9.0 17.0 3.074184
Person 233.0953 358.9014 9.3988 15.5132 0.179853
Person 159.8313 329.3735 13.0 14.0 0.0
Person 217.3313 414.8735 12.0 15.0 0.0
Person 145.8313 349.3735 15.0 12.0 0.0
Person 147.3313 362.8735 10.0 17.0 0.0
Person 162.8313 351.8735 13.1535 17.1168 0.681844
