Person 401.8313 220.8735 7.0 15.0 0.0
Person 386.8313 212.3735 9.0 16.0 0.0
Person 383.8313 227.8735 9.0 15.0 0.0
Person 366.8313 198.8735 9.0 13.0 0.0
Person 368.8313 215.8735 7.0 13.0 2.921443
Person 358.8313 219.3735 9.0 18.0 0.0
Person 376.3313 263.3735 8.0 18.0 0.0
Person 358.3313 261.8735 8.0 15.0 0.0
Person 355.8313 275.8735 9.0 15.0 0.0
Person 437.8313 285.3735 9.0 14.0 0.0
Person 420.8313 296.8735 11.0 15.0 0.0
Person 339.3313 213.8735 8.0 13.0 0.0
Person 325.3313 199.3735 8.0 14.0 0.0
Person 314.3313 203.8735 6.0 13.0 0.0
Person 310.8313 212.8735 7.0 15.0 0.0
Person 318.8313 225.8735 9.0 19.0 0.0
Person 180.8313 413.3735 9.0 20.0 0.0
Person 203.8313 415.8735 7.0 15.0 0.0
Person 332.3313 406.3735 8.0 10.0 0.0
Person 331.3313 418.8735 12.0 17.0 0.0
Person 331.3313 432.3735 8.0 18.0 0.0
Person 354.3313 414.8735 10.0 15.0 0.0
Person 351.3313 426.3735 12.0 12.0 0.0
