Person 256.3313 202.3735 10.0 14.0 0.0
Person 256.3313 216.3735 10.0 16.0 0.0
Person 278.3313 225.3735 12.0 24.0 0.0
Person 212.3313 370.3735 12.0 14.0 0.0
Person 207.3313 383.8735 12.0 15.0 0.0
Person 217.3313 386.3735 10.0 16.0 0.0
Person 216.3313 399.8735 14.0 15.0 0.0
Person 220.3313 410.8735 12.0 19.0 0.0
Person 248.3313 409.3735 12.0 16.0 0.0
Person 257.8313 429.8735 13.0 21.0 0.0
Person 207.8313 425.8735 11.0 15.0 0.0
Person 211.8313 438.8735 9.0 15.0 0.0
Person 220.3313 440.8735 8.0 17.0 0.0
Person 228.3313 447.3735 10.0 14.0 0.0
Person 233.8313 451.8735 9.0 13.0 0.0
