Car 247.6838 458.8413 24.8636 39.9668 2.600054
Car 211.3737 252.5192 24.8354 36.6792 2.858771
Car 282.7217 241.0791 24.5788 37.8157 2.716161
Car 393.3852 191.1702 22.8033 35.965 2.484992
Car 241.8313 159.3735 18.1929 22.6719 2.929011
Car 280.6298 150.5283 21.3577 24.4093 2.725378
Car 121.3313 152.3735 22.1388 33.9098 2.723493
Car 177.8313 143.8735 22.443 30.7622 2.723493
Car 245.0862 131.8173 15.0278 25.1797 2.723493
Car 267.7364 125.9098 20.8438 30.7866 2.470785
Car 300.3629 117.0863 18.5347 23.9676 2.888978
Car 359.3313 107.8735 20.8468 26.6536 2.565647
Car 384.765 102.3403 15.9004 29.7661 2.698198
Bicycle 51.8313 95.8735 9.0 15.0 2.841115
Bicycle 62.0019 105.044 9.3064 16.9859 2.930499
Bicycle 59.5714 85.2847 9.6519 15.8521 2.698144
Bicycle 69.3313 100.3735 8.0 16.0 0.0
Bicycle 74.8136 93.609 9.5419 15.9952 2.524821
Bicycle 101.446 88.6579 9.4143 16.9999 2.647651
Bicycle 91.3313 91.3735 10.1593 19.0995 2.647651
Bicycle 195.0361 79.6259 11.1707 17.6195 0.422187
Bicycle 207.317 76.6953 11.7238 17.4626 2.74307
Bicycle 220.8096 67.0773 11.7593 16.3656 2.527121
Bicycle 223.8313 50.3735 9.0 14.0 2.730136
Bicycle 239.5291 53.7078 10.7194 22.4606 2.679768
Bicycle 257.8313 49.3735 9.0 16.0 0.0
Bicycle 245.3313 44.3735 10.0 10.0 0.0
Bicycle 260.8313 66.8735 8.0319 13.6194 2.709185
Bicycle 266.8313 78.8735 11.0 9.0 0.512079
Bicycle 277.1219 67.4721 8.7413 13.6434 2.794637
Bicycle 267.8313 68.8735 9.0 11.0 2.739039
