Car 396.4797 39.672 75.2335 34.0428 0.812257
Car 481.9361 59.5133 78.7999 30.0908 2.374841
Car 144.6274 66.3286 81.556 35.6011 2.293665
Car 237.0108 193.0879 77.3418 33.4337 2.446983
Car 163.4512 334.3237 78.8815 30.562 2.475404
Car 553.7282 191.3576 78.5971 27.8975 0.696277
Car 522.2662 229.4652 75.5107 30.8092 0.706063
Car 489.9442 255.5446 80.8287 32.3551 0.736951
Car 456.1392 289.099 85.9123 31.8358 0.698059
Car 401.0028 356.3025 81.3368 29.6056 0.741401
Car 368.2774 386.2853 78.7153 33.2254 0.791692
Car 333.1589 418.1722 70.6111 31.7197 0.779306
