Person 132.5 74.5 7.0 13.0 0.0
Person 159.5 95.5 7.0 13.0 0.0
Person 277.5 87.0 9.0 14.0 0.0
Person 311.0 81.5 6.0 13.0 0.0
Person 304.5 87.5 7.0 15.0 0.0
Person 296.0 83.0 8.0 14.0 0.0
Person 288.0 91.0 8.0 14.0 0.0
Person 301.0 101.0 6.0 12.0 0.0
Person 509.5 169.0 8.0856 14.6841 0.200446
Person 547.0 178.0 8.0 14.0 0.0
Person 58.5 360.5 7.0 9.0 0.0
Person 55.5 370.5 9.0 13.0 0.0
Person 66.5 367.0 7.0 12.0 0.0
Person 75.5 387.5 7.0 15.0 0.0
Person 82.0 468.5 6.0 13.0 0.0
Person 82.5 484.0 7.0 16.0 0.0
Person 94.5 473.0 7.0 14.0 0.0
Person 102.5 467.0 7.0 14.0 0.0
Person 126.0 477.5 8.0 15.0 0.0
Person 109.5 488.0 7.0 16.0 0.0
Person 96.0938 504.5 12.1875 15.0 0.0
Person 138.0 480.5 6.0 9.0 0.0
Person 135.5 471.0 4.8414 11.5569 2.466852
