Person 388.5 322.0 5.0 12.0 0.0
Person 389.5 333.0 7.0 14.0 0.0
Person 401.5 317.0 7.0 14.0 0.0
Person 410.0 328.0 8.0 16.0 0.0
Person 400.5 350.0 7.0 12.0 0.0
Person 433.0 316.0 10.0 14.0 0.0
Person 450.0 315.0 6.0 14.0 0.0
Person 464.5 338.0 7.0 14.0 0.0
Person 438.5 331.0 7.0 14.0 0.0
Person 420.5 334.0 7.0 12.0 0.0
Person 437.0 352.0 8.0 14.0 0.0
Person 459.5 388.0 7.0 14.0 0.0
Person 490.0 379.5 6.0 13.0 0.0
Person 483.5 385.0 7.0 14.0 0.0
Person 477.5 396.5 7.0 15.0 0.0
Person 520.5 406.5 7.0 13.0 0.0
Person 515.0 422.5 8.0 15.0 0.0
