Car 66.0 481.6842 70.0 30.0 0.0
Car 64.5 121.1842 65.0 33.0 3.073391
Car 139.4322 115.1447 64.9445 27.0872 3.050676
Car 68.0 41.1842 66.0 29.0 0.0
Car 286.695 19.3334 59.6262 25.3705 2.99999
Car 302.8797 126.0502 50.1083 22.7249 3.035061
Car 311.2809 179.0396 59.4127 28.9415 2.995372
Car 368.0 67.6842 52.0 26.0 2.999696
Car 381.0 187.1842 54.0 23.0 3.086324
Car 388.5 230.6842 45.0 24.0 0.0
Car 395.0 271.6842 56.0 22.0 0.0
Car 398.0 313.6842 58.0 26.0 3.041924
Car 498.0679 86.1923 61.2167 33.9548 2.911601
