Car 34.4545 289.5 50.0 27.0 3.129906
Car 35.4545 335.0 54.0 22.0 0.0
Car 168.9545 203.0 49.0 20.0 0.0
Car 165.9545 246.5 49.0 23.0 0.0
Car 221.9545 244.5 47.0 21.0 3.0826
Car 332.4545 191.0 48.0 20.0 3.133677
Car 161.5 452.4394 55.0 21.0 0.0
Car 341.5 221.9394 37.0 20.0 0.0
Car 343.0 252.9394 40.0 18.0 0.0
Car 350.0 282.9394 46.0 22.0 0.0
Car 391.0 221.9394 34.0 18.0 0.0
Car 401.0 287.4394 38.0 19.0 0.0
Car 407.0 312.9394 42.0 18.0 0.0
Car 412.0 335.9394 40.0 16.0 0.0
Car 411.0 358.9394 40.0 18.0 0.0
Car 66.0 108.6842 56.0 32.0 0.0
