Person 188.0 190.5 8.0 11.0 0.0
Person 196.5 222.5 7.0 15.0 0.0
Person 185.5 230.5 7.0 13.0 0.0
Person 341.5 226.0 7.0 16.0 0.0
Person 447.5 173.0 5.0 14.0 0.0
Person 462.0 176.5 6.0 13.0 0.0
Person 452.0 170.5 6.0 13.0 0.0
Person 475.5 180.0 9.0 16.0 0.0
Person 468.0 161.0 8.0 12.0 0.0
Person 478.0 157.5 8.0 13.0 0.0
Person 244.5 427.0 9.0 14.0 0.0
Person 254.0 446.0 8.0 14.0 0.0
Person 269.0 433.5 8.0 15.0 0.0
Person 280.5 440.5 9.0 17.0 0.0
Person 285.0 420.5 8.0 15.0 0.0
Person 276.5 410.5 9.0 17.0 0.0
