Person 285.5 401.9535 9.0 16.0 0.0
Person 291.0 413.4535 8.0 15.0 0.0
Person 293.5 406.4535 9.0 15.0 0.0
Person 310.0 406.4535 10.0 17.0 0.0
Car 323.5 40.4474 33.0 15.0 0.0
Car 333.0 100.4474 28.0 15.0 0.0
Car 342.0 123.4474 32.0 15.0 0.0
Car 342.7954 143.4244 37.8067 16.8937 2.941593
Car 341.3324 162.0491 26.7412 16.067 3.059585
Car 269.1448 16.1086 44.0474 18.3399 3.0378
Car 277.1107 41.7237 34.1374 17.4194 2.926599
Car 281.0 69.4474 36.0 17.0 3.108045
Car 285.1164 96.2889 44.2602 22.5569 3.069645
Car 164.5 66.4474 45.0 21.0 0.0
Car 110.5 69.4474 47.0 23.0 0.0
Car 113.5 27.9474 45.0 18.0 0.0
Car 112.0 251.4474 50.0 19.0 0.0
Car 7.0 147.4474 14.0 19.0 0.0
