Car 91.5 192.5 45.0 19.0 0.0
Car 370.0 223.0 48.0 18.0 0.0
Car 361.5 269.0 49.0 20.0 0.0
Car 419.0 268.5 48.0 19.0 0.0
Car 232.5 300.0 47.0 22.0 0.0
Car 229.5 344.0 51.0 20.0 0.0
Car 344.0 471.5 52.0 19.0 0.0
Car 536.5 225.0 47.0 18.0 0.0
Car 507.0 264.5 35.9154 17.863 2.605196
Car 542.0 286.5 38.0 17.0 0.0
Car 546.5 316.5 45.0 19.0 0.0
Car 592.0 257.5 38.0 15.0 0.0
Car 599.5 326.0 41.0 16.0 0.0
Car 603.0 352.0 42.0 18.0 0.0
Car 604.0512 375.8878 38.1502 15.5213 3.006065
Car 606.0 400.5 44.0 19.0 0.0
Car 281.0 125.1842 62.0 33.0 0.0
