Person 427.8313 23.3735 13.0 20.0 0.0
Person 322.9604 23.8964 13.2679 23.9369 0.331987
Person 541.4502 66.4624 15.0789 19.4688 0.915101
Person 590.3313 167.3735 22.0 18.0 0.0
Person 447.8313 155.8735 13.0 17.0 0.0
Person 417.8313 144.3735 11.0 18.0 0.0
Person 413.3313 166.8735 18.0 19.0 0.0
Person 81.6063 160.2484 12.0156 19.5038 2.349229
Person 80.3313 237.8735 12.0 19.0 0.0
Person 247.3313 315.3735 18.0 16.0 0.0
Person 125.8313 300.8735 17.0 19.0 0.0
Person 150.8057 293.4838 12.8655 18.2849 2.300549
Person 103.3313 284.8735 16.0 15.0 0.0
Person 45.0648 301.7593 16.0755 28.0645 2.581233
Person 180.3313 343.8735 14.0 21.0 0.0
Person 165.3313 342.8735 16.0 25.0 0.0
Person 123.367 369.7526 21.9665 13.7965 0.531565
Person 98.8313 388.8735 15.0 13.0 0.0
Person 266.3313 419.3735 18.0 18.0 0.0
Person 322.3313 449.3735 18.0 22.0 0.0
