Person 163.0 86.4583 10.0 19.0 0.0
Person 176.0 88.4583 10.0 19.0 0.0
Person 226.5 128.9583 11.0 20.0 0.0
Person 216.5 141.9583 9.0 20.0 0.0
Person 285.0 53.4583 8.0 21.0 0.0
Person 311.5 194.9583 11.0 20.0 0.0
Person 280.5 225.4583 13.0 23.0 0.0
Person 189.0 485.4583 14.0 25.0 0.0
Person 538.0 306.9583 10.0 22.0 0.0
Person 498.5 256.9583 9.0 20.0 0.0
Person 480.5 296.4583 7.0 21.0 0.0
Person 474.0 297.4583 6.0 19.0 0.0
Person 467.5 298.4583 7.0 21.0 0.0
Person 425.0 303.9583 10.0 22.0 0.0
Person 385.5 244.9583 9.0 22.0 0.0
Person 329.5 255.9583 9.0 22.0 0.0
DontCare 466.5 48.9583 47.0 44.0 0.0
DontCare 562.5 15.9583 47.0 28.0 0.0
Person 437.0 179.5 10.0 19.0 0.0
