Person 17.0 120.5 10.0 17.0 0.0
Person 34.0 121.0 10.0 18.0 0.0
Person 120.0 140.0 8.0 18.0 0.0
Person 137.5 58.5 7.0 17.0 0.0
Person 291.0 168.5 8.0 19.0 0.0
Person 251.0 210.5 8.0 15.0 0.0
Person 215.5 203.0 7.0 18.0 0.0
Person 226.5 202.5 7.0 19.0 0.0
Person 220.5 203.5 5.0 17.0 0.0
Person 528.0 418.0 10.0 20.0 0.0
Person 378.0 409.5 10.0 19.0 0.0
Person 478.0 334.0 14.0 22.0 0.0
Person 573.0 332.5 10.0 19.0 0.0
Person 420.0 305.5 12.0 21.0 0.0
Person 349.5 344.0 9.0 20.0 0.0
Person 385.5 26.0 7.0 20.0 0.0
Person 402.0 16.0 8.0 14.0 0.0
Person 411.0 29.0 6.0 18.0 0.0
Person 417.5 16.0 9.0 18.0 0.0
Person 513.5 60.5 9.0 17.0 0.0
Person 487.5 88.0 7.0 18.0 0.0
DontCare 527.5 93.5 35.0 35.0 0.0
Person 625.5 61.0 9.0 16.0 0.0
Person 594.0 8.5 8.0 17.0 0.0
Person 540.0 6.0 8.0 12.0 0.0
Person 532.2308 6.0 6.4615 12.0 0.0
DontCare 329.5 54.5 45.0 39.0 0.0
