Bicycle 599.8313 232.3735 61.1395 33.9259 0.216506
Bicycle 527.9197 253.4955 56.7468 32.7341 2.291031
Bicycle 453.8313 273.8735 48.7037 17.6054 0.521538
Bicycle 421.8313 288.8735 64.8761 32.5129 0.256364
Bicycle 363.7246 306.9519 57.2726 24.7012 0.06646
Bicycle 291.3313 316.3735 55.1301 27.5078 2.980386
Bicycle 225.3313 318.8735 54.7303 24.7708 0.47497
Bicycle 177.3313 346.8735 57.1456 23.2246 0.88866
Bicycle 115.4378 297.2943 62.4317 23.8525 1.260294
Bicycle 66.9378 311.7943 63.6183 30.8233 1.260294
Bicycle 44.1626 374.9723 57.1617 22.3379 1.061985
Bicycle 11.6657 331.8735 23.3313 57.0 0.0
Bicycle 63.8313 241.8735 56.4615 16.9145 1.022406
Bicycle 41.8313 254.8735 47.8111 19.0815 1.327468
Bicycle 16.6657 268.6722 52.0958 21.4104 1.327468
Bicycle 7.6657 201.8735 15.3313 57.0 0.0
Bicycle 37.3313 123.8735 22.8929 55.2894 2.916923
Bicycle 54.3313 114.8735 22.8929 55.2894 2.916923
