Person 183.8313 170.8735 17.0 23.0 0.0
Person 130.8313 224.3735 21.0 22.0 0.0
Person 203.3313 238.3735 22.0 18.0 0.0
Person 239.3313 259.8735 12.0 23.0 0.0
Person 258.8313 268.8735 27.0 21.0 0.0
Person 198.8313 283.3735 23.0 20.0 0.0
Person 177.8313 285.3735 17.0 18.0 0.0
Person 165.3313 289.8735 14.0 19.0 0.0
Person 115.3313 352.8735 16.0 15.0 0.0
Person 139.8313 361.8735 17.0 21.0 0.0
Person 187.8313 385.3735 13.0 14.0 0.0
Person 175.8313 399.8735 13.0 19.0 0.0
Person 165.8313 404.8735 11.0 17.0 0.0
Person 152.8313 401.3735 9.0 16.0 0.0
Person 207.8313 429.3735 21.0 16.0 0.0
Person 133.3313 423.3735 20.0 16.0 0.0
Person 102.3993 420.4959 17.8903 13.1508 2.678737
Person 63.8313 436.3735 15.0 22.0 0.0
Person 82.3313 450.3735 16.0 28.0 0.0
Person 129.3313 474.8735 18.0 13.0 0.0
Person 83.0633 489.4932 12.4637 23.9976 2.906694
Person 501.8313 367.8735 27.0 21.0 0.0
Person 571.3313 352.8735 16.0 17.0 0.0
Person 595.3313 354.3735 20.0 18.0 0.0
Person 574.735 399.4883 10.6781 23.4842 0.625665
Person 606.4447 435.352 10.6346 21.4685 2.672198
Person 634.6657 437.6865 10.6687 20.6261 0.0
Person 616.8313 484.8735 9.0 19.0 0.0
Person 624.8313 490.3735 11.0 16.0 0.0
Person 597.3313 441.3735 12.0 12.0 0.0
Person 611.3313 450.8735 14.0 9.0 0.0
Person 516.3313 483.3735 14.0 18.0 0.0
Person 534.3313 500.8735 14.0 17.0 0.0
