Car 78.4348 163.6773 43.7528 90.6625 3.124611
Car 42.6657 312.8735 85.3313 85.0 0.0
Car 126.4348 157.6773 43.7528 90.6625 3.124611
Car 176.5616 156.5488 41.943 94.3752 3.124611
Car 227.5616 150.5488 41.8411 100.3744 3.124611
Car 282.5555 142.1923 37.9775 89.7305 3.093533
Car 325.8823 141.3323 42.3241 96.2269 3.093533
Car 379.8823 133.8323 44.3698 95.3241 3.093533
Car 428.9066 120.8223 44.4276 93.3044 3.137067
Car 513.1329 113.8859 41.8199 91.6545 3.053597
Car 562.1329 104.8859 41.8199 91.6545 3.053597
Car 609.1329 100.8859 41.8199 91.6545 3.053597
