Bicycle 93.2679 222.3424 18.7635 41.5977 0.760949
Bicycle 107.5741 236.092 23.0684 42.3302 0.760949
Bicycle 119.9785 246.9194 20.5193 40.3795 0.760949
Bicycle 133.4201 261.1658 21.1214 45.8142 0.716847
Bicycle 148.5316 258.0337 13.0239 36.9901 0.307189
Bicycle 162.8313 265.3735 16.2901 37.6249 0.629908
Bicycle 178.3313 272.3735 21.0706 39.09 0.629908
Bicycle 198.4339 281.252 23.8875 51.7626 0.629908
Bicycle 209.5612 296.1305 22.8018 46.735 0.69588
Bicycle 222.5612 311.1305 22.549 49.5521 0.69588
Bicycle 287.4918 247.0988 18.27 39.0864 0.278794
Bicycle 304.1573 263.6445 22.3527 52.9838 0.358379
Bicycle 292.3313 304.8735 23.1338 45.9329 0.64059
Bicycle 319.7293 316.8519 32.9297 48.1922 0.64059
Bicycle 416.6308 321.533 18.8046 42.9591 0.64059
Bicycle 336.7867 280.9813 19.8168 38.853 0.924665
Bicycle 395.1308 306.033 25.0144 39.5771 0.64059
Bicycle 257.5015 342.2549 31.2098 41.297 0.64059
Bicycle 279.3313 353.3735 22.2742 43.265 0.64059
Bicycle 232.5026 376.6896 32.5099 43.3188 1.063444
Bicycle 273.8313 401.8735 27.6677 45.4807 0.64059
Bicycle 307.6898 420.7157 29.4185 47.0224 0.727203
Bicycle 220.8313 419.8735 17.6176 40.145 0.371857
Bicycle 307.3808 480.1228 19.2778 49.3099 0.327102
Bicycle 332.3313 459.3735 14.384 43.3717 3.056931
Bicycle 351.7758 489.6867 20.889 44.6265 0.0
