Car 95.8313 163.3735 41.5943 19.8724 0.227034
Car 109.0501 139.3527 43.1238 14.3315 0.340978
Car 125.8313 128.3735 42.4958 14.8022 0.335179
Car 138.9502 110.9518 46.2545 12.7789 0.355315
Car 147.0924 101.838 36.2324 12.9967 0.372236
Car 159.3101 94.3457 40.863 12.0022 0.325161
Car 169.7406 86.9284 41.9025 10.8243 0.319627
Car 172.8301 77.333 30.5303 12.6785 0.335524
Car 188.144 70.7229 39.208 12.2881 0.359656
Car 212.3313 58.8735 38.0 19.0 0.27261
Car 224.6887 48.7308 36.1188 13.8711 0.319988
Car 236.8963 41.9818 25.2801 9.1865 0.467272
Car 135.4892 33.3635 11.2968 18.8575 0.525362
Car 304.8313 55.3735 41.0 18.0 0.0
Car 356.3313 36.3735 11.3738 25.3503 0.802251
Car 376.8313 40.3735 13.2246 31.2748 0.932911
Car 391.6053 46.7748 15.7056 31.8253 0.81981
Car 411.4139 52.4977 16.9605 32.0211 0.81981
Car 432.6179 57.5727 15.2077 30.3633 0.81981
Car 448.4855 61.8952 12.769 26.8055 0.81981
Car 467.3313 67.8735 15.1591 32.3605 0.81981
Car 488.6989 72.196 16.2295 29.6311 0.81981
Car 521.7683 81.3653 15.0104 32.4322 0.734298
Car 541.6972 86.8363 12.8558 30.2575 0.734298
Car 559.6972 92.8363 12.8558 30.2575 0.734298
Car 575.9686 98.1434 16.2061 28.7207 0.734298
Car 594.4686 104.6434 17.7629 31.4732 0.734298
Car 615.3759 110.6922 14.866 31.5254 0.734298
Car 629.8313 120.3735 19.0 26.0 0.0
