Person 143.0 57.0 8.0 18.0 0.0
Person 116.5 153.5 9.0 19.0 0.0
Person 64.0 147.5 10.0 19.0 0.0
Person 29.0 150.0 12.0 20.0 0.0
Person 207.5 192.0 9.0 20.0 0.0
Person 196.0 206.0 8.0 20.0 0.0
Person 256.5 209.0 7.0 16.0 0.0
Person 304.0 171.5 8.0 19.0 0.0
Person 299.0 249.0 6.0 18.0 0.0
Person 294.5 250.5 5.0 17.0 0.0
Person 288.5 253.5 7.0 19.0 0.0
Person 385.0 268.5 10.0 21.0 0.0
Person 113.5 493.5 11.0 19.0 0.0
Person 462.0 458.5 10.0 25.0 0.0
Person 475.0 352.5 8.0 19.0 0.0
Person 601.0 328.5 10.0 25.0 0.0
Person 588.5 319.0 9.0 20.0 0.0
Person 537.0 75.5 10.0 23.0 0.0
DontCare 432.5 13.0 53.0 26.0 0.0
DontCare 335.5 51.5 47.0 39.0 0.0
Person 549.0 8.0 8.0 16.0 0.0
Person 558.5714 6.0 5.1429 12.0 0.0
DontCare 583.7778 8.0 19.5556 16.0 0.0
Person 483.0 77.6842 10.0 18.0 0.0
