Person 83.5 123.9796 7.0 18.0 0.0
Person 136.0 58.4796 8.0 19.0 0.0
Person 266.5 158.4796 9.0 19.0 0.0
Person 209.5 185.4796 5.0 17.0 0.0
Person 204.5 186.9796 5.0 16.0 0.0
Person 199.0 187.4796 6.0 19.0 0.0
Person 249.5 209.9796 7.0 16.0 0.0
Person 546.0 440.9796 10.0 22.0 0.0
Person 358.5 378.4796 9.0 21.0 0.0
Person 438.0 317.9796 10.0 22.0 0.0
Person 428.0 334.4796 6.0 17.0 0.0
Person 433.0 329.9796 10.0 20.0 0.0
Person 318.0 312.4796 10.0 25.0 0.0
DontCare 327.5 53.4796 47.0 39.0 0.0
Person 384.0 25.4796 6.0 19.0 0.0
Person 393.5 15.4796 7.0 17.0 0.0
Person 403.0 15.4796 6.0 17.0 0.0
Person 411.5 13.9796 9.0 20.0 0.0
Person 485.0 87.4796 6.0 19.0 0.0
Person 551.5 76.4796 9.0 19.0 0.0
DontCare 526.5 86.9796 25.0 46.0 0.0
Person 611.5 56.4796 9.0 17.0 0.0
Person 525.9932 5.9898 7.9864 11.9796 0.0
Person 535.4917 5.4898 8.9833 10.9796 0.0
Person 557.9909 4.4898 7.9819 8.9796 0.0
Person 570.0 8.9796 8.0 16.0 0.0
Person 578.6173 3.4898 5.2347 6.9796 0.0
Person 598.5 9.4796 9.0 17.0 0.0
