Car 630.8313 265.7249 17.0 30.7028 0.0
Car 424.8313 232.3735 51.0 26.0 0.0
Car 179.088 374.1367 45.0584 22.1222 0.356995
Car 197.588 344.1367 44.5975 18.0249 0.356995
Car 214.588 330.6367 48.6948 17.564 0.356995
Car 234.588 307.6367 48.6948 17.564 0.356995
Car 239.088 291.1367 37.816 14.1505 0.356995
Car 254.588 283.6367 47.9958 15.6901 0.356995
Car 263.9118 272.9549 50.9145 15.6143 0.356995
Car 273.6038 262.2806 37.9238 14.343 0.356995
Car 288.8375 252.1541 44.5939 13.72 0.356995
Car 316.4445 235.5265 42.021 19.6153 0.356995
Car 331.364 223.2425 44.2444 18.9164 0.356995
Car 343.6366 214.0116 43.8949 16.4194 0.356995
Car 489.5973 207.4366 38.351 17.5231 2.454444
Car 510.0973 214.4366 40.6702 15.62 2.454444
Car 529.0973 224.4366 40.6702 15.62 2.454444
Car 552.2832 230.5027 44.9571 21.0327 2.454444
Car 575.3313 238.3735 42.8952 17.0879 2.454444
Car 594.3516 246.5421 43.0942 21.1964 2.395997
Car 615.9798 255.5421 43.0942 21.1964 2.395997
