Person 366.3313 175.8735 30.0 17.0 2.756871
Person 56.8313 319.8735 21.0 19.0 0.0
Person 385.8313 242.3735 19.0 22.0 0.0
Person 395.8313 320.8735 17.0 27.0 0.0
Person 457.8313 277.8735 27.0 29.0 0.0
Person 479.3313 280.8735 16.0 23.0 0.0
Person 27.3313 349.3735 16.0 20.0 0.0
Person 17.8313 368.3735 17.0 18.0 0.0
Person 3.8313 360.8735 7.0 17.0 0.0
Person 45.3313 374.3735 14.0 14.0 0.0
Person 30.8313 372.8735 17.0 15.0 0.0
Person 73.3313 447.3735 14.0 14.0 0.0
Person 57.8313 461.3735 11.0 16.0 0.0
Person 80.3313 474.8735 26.0 17.0 0.0
Person 18.8313 446.8735 17.0 15.0 0.0
Person 44.3313 474.3735 12.0 16.0 0.0
Person 60.3313 475.8735 10.0 13.0 0.0
Person 6.3313 494.8735 12.0 17.0 0.0
Person 3.3313 451.8735 6.0 11.0 0.0
Person 317.3313 353.3735 14.0 20.0 0.0
Person 334.3313 360.3735 16.0 24.0 0.0
Person 505.8313 365.3735 19.0 20.0 0.0
Person 413.3313 403.8735 14.0 17.0 0.0
Person 439.3313 414.3735 14.0 18.0 0.0
Person 515.3313 425.8735 16.0 19.0 0.0
Person 405.0904 503.6867 19.5181 16.6265 0.0
