Bicycle 491.1422 39.52 43.6578 16.229 0.2636
Bicycle 484.3313 65.3735 49.8123 26.2819 0.197442
Bicycle 477.6585 92.7375 62.7559 29.6135 0.197442
Bicycle 469.063 115.7184 70.994 25.887 0.197442
Bicycle 474.1558 136.9251 52.6073 15.2994 2.984794
Bicycle 472.0583 154.1876 50.7262 19.9586 0.172553
Bicycle 470.9208 179.0479 64.2694 23.0229 0.188381
Bicycle 532.8313 202.3735 57.0 28.0 0.0
Bicycle 532.3313 229.8735 58.0 33.0 0.0
Bicycle 468.3313 212.8735 71.9441 32.2653 0.151998
Bicycle 452.774 234.9269 64.0192 27.5172 0.151998
Bicycle 440.0878 262.6425 73.9753 28.997 0.151998
Bicycle 570.7453 290.1546 56.5637 22.4381 3.022558
Bicycle 556.4325 319.6262 51.7872 30.64 0.168972
Bicycle 600.3313 334.3735 18.0 48.0 0.0
Bicycle 483.8313 341.8735 60.0078 26.553 0.279007
Bicycle 544.2972 374.2612 64.8044 25.1689 0.436881
Bicycle 573.8313 393.8735 15.92 39.3517 0.646548
Bicycle 406.8755 330.9884 67.3346 36.4202 0.193805
Bicycle 480.3755 383.9884 64.0055 37.805 0.193805
Bicycle 346.0165 323.2189 63.5809 30.2822 0.566942
Bicycle 281.5224 333.671 56.1064 23.6753 3.074106
Bicycle 336.7576 386.4783 66.3065 31.5752 0.193863
Bicycle 405.2991 392.9865 55.8258 24.4776 0.193863
Bicycle 407.3191 420.7915 64.2259 22.9973 3.052082
Bicycle 543.3313 461.8735 62.7184 21.1519 0.24966
Bicycle 541.4444 480.1254 64.5058 19.1522 0.24966
Bicycle 325.79 437.9139 68.0501 28.155 0.268672
Bicycle 247.7093 471.5282 69.5135 23.3141 2.883089
Bicycle 521.8313 497.3735 50.5701 15.9894 0.268518
