Car 58.3313 425.8735 116.0 137.0 0.0
Bicycle 532.0248 341.1665 15.9966 50.7968 0.279448
Bicycle 589.0252 317.6645 26.3295 53.284 0.482297
Bicycle 539.8313 292.3735 36.0204 51.6481 0.784585
Bicycle 626.3313 335.8735 26.0 55.0 0.0
Bicycle 634.1657 407.3735 10.3313 46.0 0.0
Bicycle 562.0126 246.8527 30.7795 50.272 0.582646
Bicycle 585.662 258.8847 25.7887 51.2422 0.582646
Bicycle 613.429 264.4796 21.0441 44.7503 0.582646
Bicycle 515.1429 209.69 24.0608 57.6375 0.582646
Bicycle 631.3313 274.3735 16.0 52.0 0.0
Bicycle 496.9209 195.9882 26.3222 51.5269 0.666717
Bicycle 481.9209 178.4882 23.4623 57.5949 0.666717
Bicycle 455.7334 168.5099 26.9199 51.1077 0.534364
Bicycle 438.7847 162.5198 16.6319 45.5929 0.534364
Bicycle 426.1399 153.5571 19.9175 49.2196 0.149141
Bicycle 404.4195 160.2526 20.2496 48.5914 0.362804
Bicycle 393.0042 144.7775 19.9995 51.9019 0.650484
Bicycle 376.5465 130.222 27.0063 52.7133 0.650484
Bicycle 357.0465 118.222 24.1687 47.333 0.650484
Bicycle 433.2128 95.7743 22.6361 43.7388 0.43213
Bicycle 477.9912 114.0638 20.2833 52.977 3.049396
Bicycle 517.2376 143.421 22.5451 34.3299 2.955725
Bicycle 572.7646 128.0265 18.6425 47.6274 0.134632
Bicycle 590.7843 148.3287 27.8872 56.7562 0.427438
Bicycle 588.8313 200.3735 22.6854 52.7861 0.615525
Bicycle 624.3313 210.8735 30.0 53.0 0.0
Bicycle 625.8313 165.3735 27.0 52.0 0.0
Person 205.3313 25.3735 24.0 38.0 0.0
Bicycle 113.8313 13.1867 25.0 26.3735 0.0
