Car 426.3556 407.2407 80.9753 169.159 3.043665
Car 299.7113 427.7527 76.202 143.2671 3.093592
Car 178.3313 419.8735 70.0672 144.9675 0.027312
Car 45.3313 451.6867 70.0 118.6265 0.0
Bicycle 154.6972 56.7948 18.6771 54.2265 2.892486
Bicycle 288.9236 47.4471 25.3868 62.4834 2.710267
Bicycle 123.0986 17.1867 25.5346 34.3735 0.0
Bicycle 186.8313 13.6867 19.0 27.3735 0.0
Bicycle 238.8313 10.1867 19.0 20.3735 0.0
Bicycle 338.0479 30.349 23.57 61.2248 2.289428
Bicycle 405.742 40.9126 29.1946 60.9532 1.639813
Bicycle 482.1185 42.1808 28.8729 60.1643 1.831558
Bicycle 544.9096 34.331 36.2581 70.1825 1.998142
Bicycle 579.8122 27.3512 20.1378 50.5747 2.199999
