Person 585.0 6.0 8.0 12.0 0.0
Person 565.0 84.5 8.0 15.0 0.0
Person 540.5 72.0 9.0 20.0 0.0
Person 462.0 15.0 8.0 18.0 0.0
Person 449.0 22.0 10.0 20.0 0.0
Person 453.5 14.0 7.0 16.0 0.0
Person 430.5 15.5 7.0 17.0 0.0
Person 416.0 15.5 8.0 15.0 0.0
Person 311.5 32.0 11.0 22.0 0.0
Person 332.0 192.5 8.0 17.0 0.0
Person 347.5 230.0 9.0 20.0 0.0
Person 373.0 235.0 10.0 20.0 0.0
Person 266.5 205.5 7.0 17.0 0.0
Person 272.0 260.5 8.0 21.0 0.0
Person 284.0 281.0 10.0 20.0 0.0
Person 377.0 351.5 8.0 21.0 0.0
Person 342.5 375.5 7.0 19.0 0.0
Person 454.0 377.0 8.0 20.0 0.0
Person 446.5 378.5 7.0 19.0 0.0
Person 440.5 381.0 7.0 22.0 0.0
Person 331.5 397.5 7.0 23.0 0.0
Person 506.0 500.5 10.0 23.0 0.0
Person 634.0 452.0 10.0 24.0 0.0
Person 419.087 503.0 10.1739 18.0 0.0
Person 275.0 485.5 10.0 23.0 0.0
Person 169.0 64.0 8.0 18.0 0.0
Person 118.5 136.0 9.0 20.0 0.0
Person 83.5 117.5 9.0 19.0 0.0
Person 34.0 91.5 8.0 19.0 0.0
Person 209.0 152.5 10.0 21.0 0.0
Person 440.5 264.0 9.0 20.0 0.0
DontCare 360.0 52.6842 52.0 42.0 0.0
