Person 66.0 90.0 8.0 14.0 0.0
Person 169.0 94.0 10.0 16.0 0.0
Person 79.5 139.5 11.0 17.0 0.0
Person 218.0 151.0 10.0 18.0 0.0
Person 229.5 164.0 9.0 20.0 0.0
Person 230.0 70.5 8.0 17.0 0.0
Person 286.5 185.0 9.0 18.0 0.0
Person 295.5 184.0 9.0 18.0 0.0
Person 343.0 487.0 10.0 24.0 0.0
Person 441.5 455.5 9.0 19.0 0.0
Person 471.0 463.0 14.0 24.0 0.0
Person 465.5 392.0 9.0 18.0 0.0
Person 520.0 410.5 6.0 21.0 0.0
Person 526.5 411.0 7.0 20.0 0.0
Person 533.0 409.5 8.0 21.0 0.0
Person 365.0 307.5 8.0 17.0 0.0
Person 356.0 306.5 8.0 19.0 0.0
Person 426.0 229.5 10.0 21.0 0.0
Person 392.0 216.0 8.0 16.0 0.0
Person 395.5 203.5 9.0 19.0 0.0
Person 331.5 211.5 7.0 15.0 0.0
Person 598.0 85.0 10.0 22.0 0.0
Person 527.0 22.5 8.0 19.0 0.0
Person 436.5 95.4872 13.0 21.0256 0.0
Person 512.5 20.5 7.0 17.0 0.0
Person 505.0 22.5 6.0 17.0 0.0
Person 624.3859 3.9872 8.7718 7.9744 0.0
Person 500.5 277.6842 13.0 18.0 0.0
DontCare 419.0 59.6842 46.0 44.0 0.0
