Car 20.1657 371.1217 40.3313 71.4964 0.0
Car 65.5954 242.3194 133.1072 65.0514 2.1917
Car 230.7219 346.1529 127.4817 65.0964 2.1917
Car 329.8313 405.8735 101.3698 55.8405 2.292031
Car 108.8046 452.3735 112.9466 118.0 0.0
Car 422.8313 455.3735 99.0 112.0 0.0
Bicycle 620.2728 225.4983 23.0854 50.2456 0.097837
Bicycle 517.4688 167.621 17.1026 46.7917 0.158529
Bicycle 609.5305 162.8788 26.5625 47.6967 0.668042
Bicycle 572.3313 143.8735 29.9022 52.6389 0.516605
Bicycle 523.2386 119.0324 34.178 49.6898 1.088798
Bicycle 544.8313 79.3735 32.3774 47.2515 0.686966
Bicycle 571.2193 91.9811 23.8525 49.9289 0.586665
Bicycle 596.7193 95.9811 21.9125 48.8169 0.586665
Bicycle 617.5207 103.3242 23.3433 50.6685 0.185062
Bicycle 605.6324 46.1167 33.5775 55.7543 0.674621
Bicycle 573.2434 31.8106 29.2035 53.8033 0.650584
Bicycle 614.8313 9.1867 31.0 18.3735 0.0
Bicycle 501.806 45.5561 28.0478 55.3214 0.581506
Bicycle 484.306 33.5561 19.4753 51.3827 0.581506
Bicycle 473.1076 21.6867 35.5526 43.3735 0.0
Bicycle 445.3313 14.3735 24.0 28.0 0.0
Bicycle 426.3313 10.3735 24.0 20.0 0.0
Bicycle 394.3313 11.6867 16.0 23.3735 0.0
