Car 309.3313 491.3735 88.0 40.0 0.0
Car 343.8313 418.3735 83.8302 35.6301 0.445821
Car 372.9187 379.791 89.9215 37.5541 0.552606
Car 402.3553 305.7078 84.1296 33.7787 0.49801
Car 415.2716 270.1138 83.4507 32.7895 0.461504
Car 436.2716 239.1138 83.4507 32.7895 0.461504
Car 451.2716 206.1138 83.4507 32.7895 0.41456
Car 470.2716 176.1138 83.4507 32.7895 0.41456
Car 490.5435 143.5923 80.8588 30.3108 0.492949
OtherVehicle 150.4289 70.5121 47.7952 87.6959 0.503846
Car 540.7154 87.2413 78.3831 37.6546 0.492949
Car 564.7154 54.7413 79.5408 31.357 0.492949
Car 583.2154 29.1867 75.3989 25.7597 0.492949
