Car 46.8313 313.3735 93.0 86.0 0.0
Car 100.2988 377.4079 124.8524 52.0749 2.61247
Car 19.3313 472.3735 38.0 58.0 0.0
Car 208.3313 490.3735 92.0 42.0 0.0
Bicycle 276.2309 72.1289 26.9746 40.7087 0.70423
Bicycle 253.9055 50.17 23.9511 41.9588 1.018354
Bicycle 223.5867 48.1212 21.4371 39.1152 0.540601
Bicycle 191.8313 32.3735 15.8429 32.772 0.815503
Bicycle 246.0989 21.6038 19.3425 38.6849 0.689593
Bicycle 201.8313 15.8735 27.0 15.0 0.0
Bicycle 227.8313 13.3735 25.0 18.0 0.0
Bicycle 449.7066 211.1791 44.009 19.1336 2.907191
Bicycle 462.7066 225.1791 44.009 19.1336 2.797729
Bicycle 471.0482 238.9821 40.3449 19.5273 2.797729
Bicycle 480.3038 251.1324 40.9735 21.7988 2.65294
Bicycle 505.2147 258.2497 38.1131 18.2785 2.65294
Bicycle 519.541 267.3038 40.4044 23.9783 2.65294
Bicycle 537.8174 279.0619 51.827 22.9835 2.65294
Bicycle 545.6745 296.4915 41.0487 20.1794 2.547932
Bicycle 558.4327 310.1696 51.0363 28.783 2.547932
Bicycle 587.4327 349.6696 44.3847 29.6527 2.547932
Bicycle 607.751 367.1779 44.7693 20.0141 2.430104
Bicycle 624.6657 321.2559 30.6687 21.7649 0.0
Bicycle 555.0055 380.7874 46.3099 28.0134 2.876385
Bicycle 630.3313 269.8735 18.0 25.0 0.0
Bicycle 536.2187 419.4698 14.4758 44.5456 0.524435
Bicycle 592.251 411.6779 48.3738 28.7895 2.430104
Bicycle 617.1067 489.1867 25.5508 45.6265 0.0
Bicycle 621.3313 437.8735 36.0 45.0 0.0
