Person 57.0 82.0 10.0 18.0 0.0
Person 224.0 77.0 8.0 16.0 0.0
Person 239.0 77.5 10.0 15.0 0.0
Person 281.5 51.5 9.0 19.0 0.0
Person 272.5 155.5 9.0 19.0 0.0
Person 286.0 188.5 10.0 21.0 0.0
Person 54.0 455.5 14.0 21.0 0.0
Person 463.0 346.5 10.0 21.0 0.0
Person 581.0 317.0 12.0 22.0 0.0
Person 372.0 311.5 12.0 21.0 0.0
Person 507.5 284.5 11.0 21.0 0.0
DontCare 490.5 317.0 21.0 24.0 0.0
Person 496.5 255.5 9.0 19.0 0.0
Person 401.5 265.5 9.0 21.0 0.0
Person 314.0 265.0 10.0 24.0 0.0
Person 326.5 214.5 9.0 19.0 0.0
Person 375.0 197.5 8.0 17.0 0.0
Person 434.0 177.5 8.0 19.0 0.0
Person 515.5 11.0 9.0 16.0 0.0
Person 525.5 9.5 9.0 17.0 0.0
Person 538.0 11.0 8.0 16.0 0.0
DontCare 556.0 17.5 16.0 33.0 0.0
DontCare 464.5 49.6842 45.0 40.0 0.0
