Person 13.5 69.5 9.0 17.0 0.0
Person 26.5 78.5 13.0 17.0 0.0
Person 134.5 101.5 9.0 19.0 0.0
Person 277.0 56.5 8.0 17.0 0.0
Person 270.5 103.5 7.0 19.0 0.0
Person 277.5 110.0 7.0 16.0 0.0
Person 68.0 439.5 12.0 21.0 0.0
Person 423.5 397.0 9.0 22.0 0.0
Person 521.0 417.0 10.0 22.0 0.0
Person 503.5 350.0 9.0 20.0 0.0
Person 361.0 324.0 8.0 20.0 0.0
Person 424.5 301.0 9.0 22.0 0.0
Person 476.0 263.5 10.0 19.0 0.0
Person 483.0 251.0 10.0 20.0 0.0
Person 344.5 271.0 9.0 20.0 0.0
Person 342.5 247.0 7.0 20.0 0.0
Person 320.5 202.5 7.0 19.0 0.0
Person 372.5 203.0 7.0 18.0 0.0
DontCare 550.0 20.0 32.0 24.0 0.0
Person 428.0 188.1842 10.0 19.0 0.0
Person 546.5 292.6842 11.0 20.0 0.0
DontCare 460.5 54.6842 47.0 44.0 0.0
Person 512.3313 347.3735 12.0 20.0 0.0
