Person 417.8313 191.3735 15.0 16.0 0.0
Person 347.8313 209.8735 13.0 25.0 0.0
Person 364.3313 225.8735 18.0 27.0 0.0
Person 280.8313 297.3735 15.0 28.0 0.0
Person 37.8313 386.3735 23.0 20.0 0.0
Person 3.8313 323.3735 7.0 20.0 0.0
Person 401.9794 247.9898 12.4483 27.5249 0.184883
Person 24.8313 426.8735 17.0 17.0 0.0
Person 42.3313 459.3735 18.0 16.0 0.0
Person 66.3313 490.3735 30.0 18.0 0.0
Person 22.8313 491.3735 19.0 18.0 0.0
Person 343.8313 301.8735 15.0 13.0 0.682033
Person 301.3313 442.3735 18.0 16.0 0.0
Person 468.3313 343.8735 20.0 19.0 0.0
Person 618.8313 245.3735 17.0 20.0 0.0
Person 413.9856 291.8693 14.7223 21.0193 0.683855
Person 500.8609 406.9395 12.771 23.3131 0.729512
Person 380.8313 388.3735 13.0 18.0 0.0
Person 405.3313 395.8735 18.0 19.0 0.0
