Car 189.63 181.7948 46.3073 92.2643 2.877299
Car 144.63 202.7948 46.3073 92.2643 2.877299
Car 94.5639 218.5755 44.5881 94.3367 2.819813
Car 11.5 261.3735 23.0 88.0 0.0
Car 47.3313 234.8735 37.9933 89.6075 2.82286
Car 268.8313 151.3735 39.0424 92.1124 2.770682
Car 314.8313 132.3735 39.0424 92.1124 2.770682
Car 361.2451 116.8774 43.9262 92.775 2.804041
Car 401.5625 104.2198 45.5411 86.0829 2.804041
Car 445.5875 92.3061 47.1019 93.2986 2.773948
Car 489.1359 70.3246 43.0778 89.5659 2.773948
Car 537.6359 57.8246 44.3704 88.9921 2.773948
Car 581.7611 48.13 42.8634 86.6439 2.773948
Car 620.6657 34.6867 36.6687 69.3735 0.0
