Person 112.6616 7.6867 12.6605 15.3735 0.0
Person 103.3313 322.3735 16.0 16.0 0.0
Person 29.3313 339.8735 16.0 19.0 0.0
Person 81.8313 338.8735 19.0 23.0 0.0
Person 94.8313 351.8735 13.0 19.0 0.0
Person 113.8313 349.3735 21.0 26.0 0.0
Person 42.3313 363.3735 20.0 18.0 0.0
Person 56.3313 406.3735 10.0 18.0 0.0
Person 81.3313 414.3735 20.0 24.0 0.0
Person 131.6191 424.4491 15.8613 12.4829 0.418224
Person 106.3313 449.3735 20.0 18.0 0.0
Person 78.3313 447.8735 18.0 29.0 0.0
Person 43.2385 463.6437 25.6075 12.0475 0.349856
Person 123.7467 496.7293 8.4085 17.379 2.734
Person 99.3313 503.3735 18.0 14.0 0.0
Person 74.8712 506.1867 13.0798 11.6265 0.0
Person 519.4394 277.3706 17.0843 29.0882 0.738614
Person 560.9407 305.4209 11.8695 18.4509 2.625524
Person 587.8313 308.8735 15.0 23.0 0.0
Person 470.3313 348.8735 16.0 19.0 0.0
Person 516.8313 351.8735 23.0 17.0 0.0
Person 399.3313 362.8735 12.0 17.0 2.843348
Person 571.8313 410.8735 17.0 21.0 0.0
Person 474.8313 433.8735 15.0 13.0 0.0
Person 498.8313 454.3735 21.0 18.0 0.0
Person 526.3313 455.8735 22.0 21.0 0.0
Person 502.8313 487.8735 15.0 17.0 0.0
Person 538.395 503.6867 26.1274 16.6265 0.0
