Person 146.0 59.5 8.0 19.0 0.0
Person 86.0 143.5 12.0 19.0 0.0
Person 152.5 174.0 9.0 20.0 0.0
Person 183.0 176.5 8.0 19.0 0.0
Person 299.0 174.0 6.0 18.0 0.0
Person 276.0 235.5 8.0 19.0 0.0
Person 262.5 241.5 7.0 21.0 0.0
Person 268.5 238.5 7.0 19.0 0.0
Person 471.6 506.0 11.2 12.0 0.0
Person 493.0 378.5 10.0 21.0 0.0
Person 422.0 422.0 10.0 24.0 0.0
Person 628.5 318.0 9.0 20.0 0.0
Person 395.5 284.5 11.0 21.0 0.0
DontCare 333.5 55.5 51.0 41.0 0.0
Person 412.5 17.5 7.0 19.0 0.0
Person 415.5 29.0 7.0 16.0 0.0
Person 424.0 19.5 10.0 17.0 0.0
Person 448.0 15.0 8.0 18.0 0.0
Person 467.5 24.5 9.0 17.0 0.0
Person 485.0 31.0 8.0 14.0 0.0
Person 542.0 10.5 8.0 15.0 0.0
Person 552.4444 4.0 8.8889 8.0 0.0
Person 565.6154 6.0 9.2308 12.0 0.0
Person 585.125 4.5 8.25 9.0 0.0
DontCare 516.0 91.5 50.0 37.0 0.0
