Person 24.0 78.5 10.0 17.0 0.0
Person 193.0 84.5 8.0 17.0 0.0
Person 207.0 83.0 8.0 16.0 0.0
Person 283.0 53.0 8.0 18.0 0.0
Person 251.0 143.0 8.0 18.0 0.0
Person 252.5 165.0 9.0 16.0 0.0
Person 297.5 245.0 9.0 20.0 0.0
Person 121.0 476.0 14.0 22.0 0.0
Person 520.0 296.5 10.0 19.0 0.0
Person 476.0 309.5 8.0 19.0 0.0
Person 482.0 306.5 6.0 17.0 0.0
Person 486.5 307.5 7.0 19.0 0.0
Person 442.5 326.5 11.0 21.0 0.0
Person 499.0 256.5 10.0 21.0 0.0
Person 393.0 255.5 10.0 21.0 0.0
Person 349.0 283.5 10.0 21.0 0.0
Person 378.5 199.0 7.0 16.0 0.0
Person 436.0 179.5 8.0 19.0 0.0
Person 319.5 204.5 9.0 21.0 0.0
Person 588.0 10.5 10.0 17.0 0.0
DontCare 551.0 17.0 56.0 30.0 0.0
DontCare 468.0 55.5 44.0 29.0 0.0
Person 599.5 328.6842 13.0 20.0 0.0
