Person 308.3313 265.3735 24.0 20.0 0.0
Person 215.8313 265.3735 15.0 16.0 0.0
Person 268.3313 260.3735 16.0 24.0 0.0
Person 248.3313 270.8735 12.0 19.0 0.0
Person 311.3313 285.3735 24.0 14.0 0.0
Person 357.3313 305.8735 22.0 19.0 0.0
Person 250.3313 300.3735 18.0 18.0 0.0
Person 197.3313 357.8735 12.0 21.0 0.0
Person 405.5032 352.1886 21.5483 13.7275 2.487644
Person 282.8313 374.3735 15.0 16.0 0.0
Person 309.8313 375.8735 17.0 15.0 0.0
Person 180.8313 424.3735 15.0 18.0 0.0
Person 578.8313 73.3735 13.0 24.0 0.408415
Person 603.7932 74.743 19.9314 15.5088 2.434428
Person 624.4204 278.8339 17.2643 31.252 0.502323
