Person 187.9237 4.6867 17.1847 9.3735 0.0
Person 601.3313 25.3735 16.0 18.0 0.0
Person 152.3313 243.8735 14.0 15.0 0.0
Person 94.3313 249.3735 16.0 16.0 0.0
Person 35.3313 226.8735 14.0 17.0 0.0
Person 148.8313 290.8735 17.0 17.0 0.0
Person 98.8313 289.3735 23.0 16.0 0.0
Person 201.8313 315.8735 19.0 17.0 0.0
Person 165.3313 325.3735 16.0 14.0 0.0
Person 147.4346 320.4647 7.9413 14.1959 2.396173
Person 111.3313 392.3735 16.0 18.0 0.0
Person 95.2423 376.6389 19.5031 10.1131 0.497442
Person 162.3313 407.8735 14.0 13.0 0.0
Person 134.8313 427.8735 19.0 15.0 0.0
Person 103.3313 424.8735 12.7691 19.5435 2.390664
Person 69.8313 434.8735 25.0 15.0 0.33993
Person 171.3313 449.8735 18.0 15.0 0.0
Person 137.8313 461.8735 15.0 11.0 0.0
Person 124.3313 494.3735 14.0 20.0 0.0
Person 63.3313 494.8735 20.0 17.0 0.0
Person 527.8313 261.3735 15.0 22.0 0.0
Person 552.3313 311.3735 28.0 26.0 0.0
Person 511.3313 350.8735 22.0 21.0 0.0
Person 445.3313 370.8735 12.0 19.0 0.0
Person 598.8313 344.8735 13.0 13.0 0.0
Person 582.8313 371.8735 13.0 17.0 0.0
Person 529.8313 372.8735 13.0 15.0 0.0
Person 490.8313 403.3735 19.0 20.0 0.0
Person 601.3313 446.8735 18.0 21.0 0.0
Person 591.8313 483.3735 13.0 22.0 0.0
Person 522.3313 471.8735 14.0 17.0 0.0
Person 501.3313 456.8735 12.0 13.0 0.0
Person 508.8313 468.3735 11.0 12.0 0.0
