DontCare 447.0 14.9773 34.0 24.0 0.0
Person 594.025 5.4886 8.05 10.9773 0.0
Person 442.5 375.4773 7.0 19.0 0.0
Person 449.5 373.4773 7.0 17.0 0.0
Person 455.5 371.9773 9.0 18.0 0.0
Person 500.5 487.4773 11.0 21.0 0.0
Person 409.5 484.4773 13.0 23.0 0.0
Person 279.5 484.9773 11.0 22.0 0.0
Person 327.0 384.9773 8.0 18.0 0.0
Person 334.5 357.4773 9.0 19.0 0.0
Person 378.0 341.9773 8.0 18.0 0.0
Person 385.5 236.4773 9.0 17.0 0.0
Person 362.0 235.4773 10.0 19.0 0.0
Person 275.5 205.4773 7.0 15.0 0.0
Person 271.5 249.9773 9.0 20.0 0.0
Person 285.5 275.4773 9.0 19.0 0.0
Person 213.5 144.4773 9.0 23.0 0.0
Person 178.5 63.4773 7.0 19.0 0.0
Person 113.5 129.9773 9.0 16.0 0.0
Person 71.0 111.9773 12.0 18.0 0.0
Person 21.0 88.9773 8.0 18.0 0.0
Person 449.5 266.1842 11.0 21.0 0.0
DontCare 370.0 53.1842 52.0 43.0 0.0
