Person 88.5 86.0 9.0 18.0 0.0
Person 251.5 79.0 7.0 18.0 0.0
Person 259.5 85.5 7.0 19.0 0.0
Person 279.0 52.0 8.0 18.0 0.0
Person 292.0 172.5 8.0 19.0 0.0
Person 308.0 217.5 8.0 17.0 0.0
Person 484.0 374.0 12.0 22.0 0.0
Person 392.5 342.0 9.0 20.0 0.0
Person 490.5 329.0 7.0 20.0 0.0
Person 496.5 328.0 7.0 20.0 0.0
Person 502.5 326.5 7.0 19.0 0.0
Person 566.5 306.0 9.0 22.0 0.0
Person 494.5 274.5 9.0 21.0 0.0
Person 492.0 253.5 10.0 19.0 0.0
Person 410.0 278.0 10.0 22.0 0.0
Person 330.5 285.5 9.0 19.0 0.0
Person 330.0 226.5 10.0 21.0 0.0
Person 374.0 199.0 6.0 18.0 0.0
Person 431.0 180.5 8.0 19.0 0.0
DontCare 547.0 18.1842 36.0 33.0 0.0
DontCare 460.5 48.6842 45.0 42.0 0.0
