Person 41.0 80.0 12.0 18.0 0.0
Person 210.0 80.5 10.0 17.0 0.0
Person 224.0 79.5 8.0 15.0 0.0
Person 283.0 51.5 8.0 19.0 0.0
Person 261.0 148.5 10.0 19.0 0.0
Person 271.0 176.0 10.0 18.0 0.0
Person 305.5 253.5 9.0 19.0 0.0
Person 89.0 464.0 12.0 22.0 0.0
Person 589.5 323.0 9.0 20.0 0.0
Person 453.0 335.0 10.0 20.0 0.0
Person 479.5 312.5 7.0 19.0 0.0
Person 485.5 311.0 7.0 20.0 0.0
Person 492.5 311.5 7.0 19.0 0.0
Person 512.0 290.5 10.0 21.0 0.0
Person 498.0 255.5 10.0 19.0 0.0
Person 398.5 258.5 9.0 21.0 0.0
Person 361.5 297.5 9.0 21.0 0.0
Person 435.0 178.0 8.0 20.0 0.0
Person 377.5 198.5 9.0 19.0 0.0
Person 323.0 209.0 10.0 20.0 0.0
Person 510.5 14.5 9.0 15.0 0.0
Person 522.0 11.0 8.0 18.0 0.0
Person 540.0 12.5 10.0 17.0 0.0
Person 576.0 8.0 10.0 16.0 0.0
DontCare 559.0 15.5 14.0 31.0 0.0
DontCare 466.0 52.6842 44.0 36.0 0.0
