DontCare 529.5 13.0 29.0 22.0 0.0
Person 465.5 245.0 9.0 20.0 0.0
Person 448.5 248.0 9.0 20.0 0.0
Person 356.5 205.0 7.0 16.0 0.0
Person 329.0 231.0 10.0 18.0 0.0
Person 348.0 265.0 10.0 18.0 0.0
Person 435.0 329.5 8.0 21.0 0.0
Person 376.0 323.0 8.0 22.0 0.0
Person 380.0 360.0 8.0 18.0 0.0
Person 450.5 450.5 11.0 21.0 0.0
Person 547.0 462.0 8.0 20.0 0.0
Person 265.5 475.0 15.0 22.0 0.0
Person 506.0 367.5 6.0 19.0 0.0
Person 512.0 367.0 6.0 18.0 0.0
Person 518.5 367.0 7.0 18.0 0.0
Person 415.5 193.0 11.0 20.0 0.0
Person 282.5 133.0 7.0 18.0 0.0
Person 276.5 127.5 7.0 17.0 0.0
Person 257.0 63.0 8.0 20.0 0.0
Person 163.5 117.5 9.0 19.0 0.0
Person 101.0 96.0 10.0 18.0 0.0
Person 58.5 78.5 11.0 17.0 0.0
Person 525.5 280.1842 9.0 19.0 0.0
DontCare 449.0 56.1842 52.0 41.0 0.0
