Bicycle 191.398 135.3902 18.928 48.8755 0.391179
Bicycle 212.3948 145.8614 23.0298 48.7717 0.257066
Bicycle 236.3948 154.8614 26.9981 56.0003 0.257066
Bicycle 255.8948 166.8614 26.5394 58.1888 0.257066
Bicycle 276.4834 158.5021 20.9984 55.4851 3.12911
Bicycle 295.3724 161.1238 19.9069 49.388 0.263468
Bicycle 317.2624 164.0316 20.6882 53.1292 0.263468
Bicycle 346.7624 169.5316 20.6565 64.5309 0.263468
Bicycle 270.2624 92.5316 18.7128 38.126 0.263468
Bicycle 367.2624 185.0316 21.73 56.9912 0.263468
Bicycle 388.5452 196.0684 27.11 63.7496 0.263468
Bicycle 425.0461 88.3885 18.0277 49.0924 3.08915
Bicycle 451.1582 99.5306 24.9319 54.0696 0.209963
Bicycle 498.3313 110.8735 28.3987 57.1534 0.491215
Bicycle 463.9438 160.2164 26.8645 57.3734 0.312993
Bicycle 506.2841 167.0628 35.1018 58.7634 0.322256
Bicycle 576.7841 117.0628 25.9316 57.8101 0.322256
Bicycle 593.9855 120.4572 17.7084 57.167 0.322256
Bicycle 452.8313 228.8735 32.8592 56.3052 0.322256
Bicycle 480.8313 232.8735 27.1681 54.4049 0.322256
Bicycle 512.8313 234.3735 22.4271 49.6591 0.322256
Bicycle 536.7386 235.6863 21.0625 56.5878 3.102146
Bicycle 440.8463 281.6206 35.5068 60.8659 0.57917
Bicycle 502.6654 295.6614 27.59 60.8588 0.266975
Bicycle 551.6654 308.6614 27.59 60.8588 0.266975
Bicycle 452.8313 339.8735 20.7542 59.0869 0.004163
Bicycle 581.8313 380.8735 20.7542 59.0869 3.023031
DontCare 328.1505 100.5141 23.5776 47.0103 2.473164
DontCare 376.3313 111.3735 28.0 28.0 0.0
