Car 263.3313 105.3735 43.1015 29.971 2.224286
Car 302.3313 429.8735 67.8864 24.9886 0.44962
Car 330.2094 381.681 62.2481 22.8749 0.482434
Car 353.3836 360.8134 64.3776 23.42 0.482434
Car 377.3836 320.8134 64.3776 23.42 0.482434
Car 389.0085 300.9426 58.5074 24.8407 0.482434
Car 405.0936 283.3707 63.4427 20.9649 0.482434
Car 418.7284 266.3659 66.4219 21.0193 0.421785
Car 435.031 250.2773 63.252 22.2475 0.421785
Car 451.031 231.2773 63.252 22.2475 0.421785
Car 488.531 203.7773 59.9184 27.0315 0.421785
Car 507.531 184.2773 60.5149 23.4757 0.421785
Car 521.531 167.7773 56.4561 24.2009 0.421785
Car 616.6657 198.3427 46.6687 29.9384 0.0
Car 236.2751 69.0244 39.3942 26.3317 2.178598
