Person 72.5 84.0 9.0 20.0 0.0
Person 239.5 75.5 9.0 17.0 0.0
Person 253.0 79.0 8.0 16.0 0.0
Person 280.5 51.5 7.0 17.0 0.0
Person 282.5 164.0 9.0 20.0 0.0
Person 298.0 202.5 10.0 21.0 0.0
Person 19.5 451.5 13.0 23.0 0.0
Person 473.0 359.5 8.0 19.0 0.0
Person 574.0 310.0 10.0 22.0 0.0
Person 502.5 278.5 11.0 19.0 0.0
Person 382.5 325.5 9.0 19.0 0.0
Person 406.5 268.0 7.0 18.0 0.0
Person 487.5 322.5 7.0 19.0 0.0
Person 494.0 322.0 6.0 20.0 0.0
Person 498.5 321.0 7.0 18.0 0.0
Person 495.0 255.0 10.0 20.0 0.0
Person 374.5 198.0 7.0 18.0 0.0
Person 328.0 219.0 8.0 20.0 0.0
Person 321.5 275.0 9.0 20.0 0.0
Person 523.0 14.0 10.0 18.0 0.0
Person 539.0 11.0 8.0 16.0 0.0
Person 547.5 9.0 9.0 16.0 0.0
Person 562.0 24.0 8.0 16.0 0.0
Person 558.0 13.5 8.0 17.0 0.0
DontCare 463.0 48.6842 50.0 42.0 0.0
