Person 539.5 79.5 7.0 21.0 0.0
Person 546.5 89.0 7.0 12.0 0.0
Person 555.0 85.5 8.0 17.0 0.0
Person 564.0 86.0 8.0 16.0 0.0
Person 463.0 19.0 10.0 22.0 0.0
Person 427.0 16.5 10.0 17.0 0.0
Person 437.5 19.0 5.0 18.0 0.0
Person 444.5 22.0 7.0 14.0 0.0
Person 439.0 34.0 8.0 14.0 0.0
Person 168.5 66.5 9.0 17.0 0.0
Person 76.5 98.5 9.0 19.0 0.0
Person 121.0 134.0 10.0 18.0 0.0
Person 144.0 151.5 10.0 19.0 0.0
Person 214.0 169.5 8.0 19.0 0.0
Person 221.5 168.0 5.0 20.0 0.0
Person 333.0 195.0 8.0 18.0 0.0
Person 266.5 209.0 7.0 18.0 0.0
Person 342.5 221.5 9.0 19.0 0.0
Person 368.0 231.5 10.0 19.0 0.0
Person 286.5 284.0 9.0 20.0 0.0
Person 297.5 294.0 9.0 20.0 0.0
Person 464.5 391.0 7.0 20.0 0.0
Person 452.5 394.0 7.0 20.0 0.0
Person 457.5 393.5 7.0 19.0 0.0
Person 393.5 371.5 9.0 23.0 0.0
Person 377.5 418.0 9.0 24.0 0.0
Person 359.0 425.5 10.0 21.0 0.0
Person 286.0 488.5 10.0 23.0 0.0
Person 634.5 453.6842 9.0 24.0 0.0
Person 442.0 266.6842 10.0 22.0 0.0
DontCare 359.0 58.1842 52.0 41.0 0.0
