Person 129.0 85.5 10.0 17.0 0.0
Person 117.5 81.0 9.0 18.0 0.0
Person 184.0 113.5 10.0 17.0 0.0
Person 150.5 118.0 9.0 20.0 0.0
Person 286.5 56.5 9.0 17.0 0.0
Person 294.5 181.5 9.0 19.0 0.0
Person 254.0 198.0 10.0 18.0 0.0
Person 300.0 217.5 10.0 21.0 0.0
Person 222.85 503.0 11.7 18.0 0.0
Person 557.5 326.0 11.0 20.0 0.0
Person 502.5 261.0 11.0 20.0 0.0
Person 466.5 284.0 7.0 20.0 0.0
Person 462.0 287.0 8.0 20.0 0.0
Person 454.0 286.0 10.0 20.0 0.0
Person 398.0 273.0 10.0 20.0 0.0
Person 373.0 230.0 8.0 20.0 0.0
Person 385.5 206.0 7.0 18.0 0.0
Person 587.5 17.5 9.0 19.0 0.0
DontCare 561.5 15.0 33.0 24.0 0.0
Person 630.5 94.0 9.0 22.0 0.0
Person 441.0 176.9706 10.0 22.0 0.0
