Person 352.8313 174.3735 21.0 16.0 0.0
Person 324.8313 212.3735 19.0 16.0 0.0
Person 220.3313 221.3735 12.0 18.0 0.0
Person 297.3721 254.8815 24.011 13.7247 2.305732
Person 272.3313 276.8735 18.0 21.0 0.0
Person 207.0399 270.5261 14.9359 23.3652 0.619898
Person 212.8313 310.3735 17.0 18.0 0.0
Person 371.8313 295.3735 23.0 16.0 0.0
Person 412.8313 344.8735 17.0 19.0 0.0
Person 320.3313 362.3735 16.0 14.0 0.0
Person 294.3313 359.3735 14.0 14.0 0.0
Person 631.8313 119.3735 15.0 20.0 0.0
Person 391.8313 414.3735 23.0 16.0 0.0
Person 398.3313 436.8735 16.0 27.0 0.0
