Person 402.8313 147.8735 15.0 21.0 0.0
Person 408.3313 203.3735 32.0 18.0 2.874182
Person 363.3313 196.8735 18.0 13.0 0.0
Person 317.8313 193.3735 17.0 16.0 0.0
Person 46.0472 416.3565 18.3054 35.687 0.392679
Person 127.8313 477.3735 27.0 18.0 0.0
Person 5.1657 476.3735 10.3313 20.0 0.0
Person 7.5465 505.6867 14.4303 12.6265 0.0
Person 348.3313 270.3735 12.0 18.0 0.0
Person 345.3313 288.3735 14.0 18.0 0.0
Person 438.8313 323.8735 23.0 19.0 0.0
Person 473.8313 375.8735 15.0 21.0 0.0
Person 390.8313 410.3735 17.0 18.0 0.0
Person 353.8313 377.3735 15.0 12.0 0.0
Person 378.8313 383.8735 17.0 19.0 0.0
Person 416.3313 454.3735 18.0 20.0 0.0
