Bicycle 104.3313 55.3735 14.0 32.0 0.569012
Bicycle 119.1932 61.2482 14.1026 36.3851 0.569012
Bicycle 132.6932 70.2482 17.1003 39.216 0.569012
Bicycle 146.8842 81.4303 17.1479 49.0874 0.569012
Bicycle 168.6083 86.2538 17.7075 43.5624 0.569012
Bicycle 184.3313 91.3735 20.19 42.2417 0.794634
Bicycle 202.2686 100.6605 23.3401 41.7241 0.794634
Bicycle 212.6559 113.0457 20.203 43.1643 0.794634
Bicycle 224.1559 126.0457 20.8513 36.7941 0.794634
Bicycle 284.306 78.4762 17.2337 26.262 0.291332
Bicycle 300.0776 85.8985 21.6344 42.528 0.291332
Bicycle 291.8313 119.3735 23.7139 33.6251 0.503781
Bicycle 316.8461 128.401 29.0125 36.4501 0.639231
Bicycle 334.2593 96.7229 20.7579 39.5307 0.936666
Bicycle 258.3974 149.1328 24.8073 39.3677 0.668489
Bicycle 277.019 165.4421 17.3496 41.5619 0.668489
Bicycle 317.2114 177.5655 19.7039 37.4683 0.668489
Bicycle 300.4428 170.1717 17.0197 36.8933 0.668489
Bicycle 233.4742 184.3983 26.3358 38.3766 1.136044
Bicycle 272.6297 202.0041 20.231 43.9761 0.694434
Bicycle 305.1297 219.0041 25.096 45.1299 0.694434
Bicycle 224.0068 220.6774 17.4028 41.2046 0.258307
Bicycle 305.0941 267.4547 20.4132 44.0857 0.258307
Bicycle 341.8313 278.8735 14.1755 41.5819 3.019367
Bicycle 373.8313 311.8735 18.2257 38.9593 2.31541
Bicycle 419.1273 345.3767 21.3966 44.2029 2.477226
Bicycle 459.257 362.7525 23.9355 42.5189 2.590918
Bicycle 483.4309 373.0541 12.3081 41.5815 2.996286
Bicycle 541.8313 401.8735 30.3231 48.0261 1.600967
Bicycle 592.3145 432.8396 28.7129 46.872 2.556194
Bicycle 401.4913 136.1581 17.1326 35.8288 0.858994
Bicycle 392.3313 122.3735 11.0886 37.8556 0.754125
Bicycle 383.7903 116.5776 13.4063 38.9824 0.754125
Car 90.5775 436.2298 49.6286 106.1956 0.744923
Car 30.8313 389.8735 61.0 75.0 0.0
Car 168.3313 482.3735 102.0 58.0 0.0
