Bicycle 579.8313 162.3735 16.415 50.4336 0.457401
Bicycle 562.9675 145.2489 20.0823 57.2674 0.457401
Bicycle 547.0802 139.4726 22.3602 57.5972 0.457401
Bicycle 464.8313 119.3735 29.1291 64.3777 0.675912
Bicycle 417.3313 97.3735 30.5899 49.762 0.355575
Bicycle 393.8313 84.8735 20.8312 40.2002 0.054753
Bicycle 317.5888 120.1751 26.0427 27.069 0.054753
Bicycle 136.8313 102.3735 17.5803 37.4157 0.570383
Bicycle 228.0576 65.4155 15.1323 27.8789 0.158328
Bicycle 285.973 84.0561 16.5327 37.1416 2.754372
Bicycle 460.2449 180.7867 34.7226 64.4364 0.519222
Bicycle 418.8334 165.6244 30.8846 60.8418 0.519222
Bicycle 160.4745 111.6175 26.8512 50.443 0.454974
Bicycle 184.4146 123.7177 31.2262 59.6584 0.454974
Bicycle 203.5317 141.3901 25.0353 58.9669 0.454974
Bicycle 225.3313 137.8735 16.0 51.0 0.0
Bicycle 240.7875 141.8893 25.0934 53.3705 0.454974
Bicycle 264.2061 146.9322 26.1037 57.4967 0.517359
Bicycle 292.4876 163.4182 24.5863 53.2137 0.517359
Bicycle 313.147 177.2935 26.8383 58.5485 0.517359
Bicycle 335.147 193.2935 28.3077 69.2181 0.517359
Bicycle 395.647 238.2935 33.1623 59.5521 0.517359
Bicycle 422.7911 246.8423 28.6524 56.647 0.517359
Bicycle 455.153 253.6781 21.5078 48.8521 0.480213
Bicycle 479.311 258.2902 21.4099 57.9549 0.124611
Bicycle 374.0244 297.119 36.2673 55.1512 0.783262
Bicycle 435.0043 315.7591 29.9688 63.512 0.466823
Bicycle 482.0043 337.2591 29.5188 64.405 0.466823
Bicycle 372.3313 354.3735 24.2835 54.1693 0.147884
Bicycle 497.8593 419.1352 33.0148 59.6528 0.034554
Bicycle 554.3356 429.496 26.6617 67.0976 2.874516
Bicycle 608.3842 474.8854 22.6532 59.8473 2.184241
