Person 263.8313 167.8735 17.0 19.0 0.0
Person 362.8313 190.3735 11.0 22.0 2.797624
Person 196.3313 194.8735 16.0 15.0 0.0
Person 217.8313 216.3735 9.0 22.0 0.0
Person 257.8313 227.3735 19.0 22.0 0.0
Person 341.3155 240.7097 9.8484 27.5067 0.408679
Person 372.8313 298.3735 19.0 16.0 0.0
Person 263.8313 288.3735 19.0 18.0 0.0
Person 252.3313 312.8735 14.0 17.0 0.0
Person 414.3313 348.3735 16.0 18.0 0.0
Person 321.3313 365.8735 16.0 17.0 0.0
Person 220.8313 418.8735 17.0 33.0 0.0
Person 406.3313 437.8735 16.0 19.0 0.0
Person 330.8313 495.3735 15.0 22.0 0.0
Person 626.3313 39.8735 9.8156 26.4699 0.815453
Person 623.3313 5.3735 16.0 10.0 0.0
