Bicycle 135.8158 86.7382 25.6639 14.3714 2.469629
Bicycle 124.0284 73.967 32.8027 22.0253 2.350354
Bicycle 92.754 78.4946 43.8166 29.8556 2.068613
Bicycle 67.3313 58.3735 39.136 23.5876 2.518098
Bicycle 36.9768 57.8122 38.8345 20.6707 1.860651
Bicycle 53.4942 31.3002 39.0781 24.9142 2.403741
Bicycle 30.3379 25.7313 38.275 20.316 2.403741
Bicycle 7.8313 44.8735 15.0 25.0 0.0
Bicycle 268.8313 202.3735 31.6963 16.8626 2.427959
Bicycle 286.8123 211.4995 37.1267 23.0762 2.427959
Bicycle 298.7787 224.1508 41.8654 23.6112 2.427959
Bicycle 316.2274 235.5916 56.0726 24.1644 2.427959
Bicycle 336.7838 242.5793 38.0855 21.8503 2.427959
Bicycle 351.1799 252.1142 39.6989 21.8684 2.427959
Bicycle 372.7606 264.13 50.5317 25.8792 2.427959
Bicycle 380.7938 280.1683 44.6866 23.3623 2.427959
Bicycle 395.7325 294.5201 49.7757 26.838 2.427959
Bicycle 383.3313 217.3735 14.0 32.0 0.0
Bicycle 347.1029 199.4244 11.4156 19.0202 0.70096
Bicycle 463.5607 239.229 17.6347 37.6433 0.384209
Bicycle 481.015 248.0281 21.503 41.7908 0.589665
Bicycle 512.5301 270.5059 26.2728 51.439 1.024677
Bicycle 463.8313 296.8735 27.3316 43.9885 0.840165
Bicycle 490.7116 307.6959 27.062 46.7539 0.840165
Bicycle 426.2116 329.1959 31.2983 46.5217 0.840165
Bicycle 447.2116 342.1959 25.6499 46.8313 0.840165
Bicycle 489.2227 359.0219 21.1477 42.6558 0.706815
Bicycle 396.0231 363.6124 27.9298 49.9687 1.316797
Bicycle 436.682 390.655 29.6068 44.9872 0.706815
Bicycle 467.5781 413.0327 30.2216 48.464 0.850534
Bicycle 381.3313 403.3735 17.8607 46.1844 0.44495
Bicycle 459.8278 469.3323 30.414 50.0457 0.44495
Bicycle 489.4143 456.1649 16.0276 44.962 0.041116
Bicycle 505.8367 488.2645 19.1755 45.0442 0.041116
Bicycle 589.4432 321.2756 14.8262 39.8121 0.664567
Bicycle 569.3535 305.3067 21.6653 41.7118 0.880262
