Person 288.2319 193.4037 20.7015 15.5214 2.423201
Person 231.3313 207.3735 12.0 16.0 0.0
Person 231.3313 230.3735 32.0 20.0 0.0
Person 348.8313 260.8735 21.0 23.0 0.0
Person 228.8313 293.8735 17.0 17.0 0.0
Person 306.8313 291.8735 15.0 19.0 0.0
Person 337.5813 293.1235 14.1421 20.5061 0.785398
Person 334.3313 318.8735 22.0 23.0 0.0
Person 381.3313 352.8735 14.0 17.0 0.0
Person 291.8313 380.8735 15.0 15.0 0.0
Person 275.3313 383.8735 12.0 15.0 2.709185
Person 255.3313 383.3735 20.0 12.0 0.0
Person 354.8313 450.8735 15.0 19.0 0.0
Person 609.6861 46.0514 31.13 16.9838 0.193176
Person 600.3313 12.3735 22.0 22.0 0.0
Person 615.8313 64.8735 15.0 13.0 0.0
Person 576.3313 83.3735 18.0 16.0 0.0
Person 626.6657 140.9653 26.6687 11.1836 0.0
Person 551.8313 121.3735 31.0 26.0 0.0
Person 634.6657 164.3492 10.6687 13.9513 0.0
Person 583.535 232.0425 14.9761 21.9124 0.8708
