Person 110.5 103.5 9.0 17.0 0.0
Person 197.0 127.0 8.0 18.0 0.0
Person 239.0 98.0 10.0 20.0 0.0
Person 38.0 262.5 10.0 21.0 0.0
Person 53.0 297.0 10.0 22.0 0.0
Person 18.0 283.0 10.0 20.0 0.0
Person 510.5 475.0 11.0 24.0 0.0
Person 598.0 390.5 8.0 21.0 0.0
Person 570.0 363.0 10.0 22.0 0.0
Person 491.5 245.5 11.0 21.0 0.0
Person 512.5 239.0 7.0 18.0 0.0
Person 516.5 233.0 11.0 18.0 0.0
Person 515.0 222.5 6.0 15.0 0.0
Person 573.0 221.0 8.0 20.0 0.0
Person 542.5 182.5 9.0 19.0 0.0
Person 457.0 220.0 10.0 20.0 0.0
Person 372.0 198.5 10.0 19.0 0.0
Person 403.5 111.5 7.0 17.0 0.0
Person 418.0 88.5 8.0 17.0 0.0
Person 356.0 87.5 8.0 17.0 0.0
DontCare 599.5 62.0 67.0 54.0 0.0
Person 454.0 17.0 10.0 18.0 0.0
Person 595.0 214.6842 10.0 20.0 0.0
