Car 202.6755 212.4665 57.145 26.1115 0.495281
Car 227.5365 173.3866 56.6828 21.6332 0.495281
Car 246.3593 155.5658 58.584 22.1169 0.495281
Car 267.3593 123.5658 58.584 22.1169 0.420827
Car 276.3313 102.8735 50.6167 20.0737 0.420827
Car 294.1717 91.6129 57.4144 19.7934 0.420827
Car 302.9227 76.435 63.2995 21.9317 0.420827
Car 313.4227 61.435 48.1656 19.9404 0.420827
Car 332.9227 48.435 54.3634 21.5488 0.420827
Car 367.613 25.5726 55.4419 27.3381 0.420827
Car 380.8313 13.1867 53.0 26.3735 0.0
Car 491.3313 19.3735 56.0 26.0 0.0
Car 627.3313 24.3735 24.0 30.0 0.0
Car 587.3313 7.1867 36.0 14.3735 0.0
Car 613.3313 14.3735 44.0 26.0 0.0
