Person 143.0 58.5 8.0 19.0 0.0
Person 101.0 148.0 8.0 20.0 0.0
Person 20.5 135.5 9.0 19.0 0.0
Person 175.5 188.5 9.0 17.0 0.0
Person 196.5 184.0 7.0 18.0 0.0
Person 256.0 212.0 8.0 16.0 0.0
Person 300.0 171.5 6.0 19.0 0.0
Person 276.0 246.5 8.0 19.0 0.0
Person 284.5 243.0 7.0 18.0 0.0
Person 442.0 441.0 12.0 26.0 0.0
Person 484.5 366.5 9.0 21.0 0.0
Person 607.5 319.0 11.0 20.0 0.0
Person 580.0 331.5 8.0 23.0 0.0
Person 389.0 276.0 10.0 20.0 0.0
DontCare 333.0 54.0 46.0 40.0 0.0
Person 413.0 16.0 6.0 18.0 0.0
Person 419.5 13.5 5.0 15.0 0.0
Person 422.0 22.5 6.0 15.0 0.0
Person 456.5 9.0 9.0 16.0 0.0
Person 468.0 18.0 6.0 18.0 0.0
Person 474.5 21.0 7.0 14.0 0.0
Person 543.0 10.0 10.0 18.0 0.0
Person 553.6 4.5 7.2 9.0 0.0
Person 574.7059 8.0 9.4118 16.0 0.0
Person 608.5 3.5 7.0 7.0 0.0
Person 500.0 87.5 8.0 17.0 0.0
