Person 84.5 75.5 9.0 17.0 0.0
Person 97.0 78.0 8.0 18.0 0.0
Person 151.0 103.5 6.0 17.0 0.0
Person 98.5 104.0 9.0 16.0 0.0
Person 276.0 54.0 6.0 16.0 0.0
Person 283.0 171.5 8.0 19.0 0.0
Person 276.0 192.5 10.0 19.0 0.0
Person 232.5 180.0 9.0 18.0 0.0
Person 224.0 500.0 12.0 24.0 0.0
Person 568.0 335.0 10.0 22.0 0.0
Person 502.5 260.5 9.0 21.0 0.0
Person 456.0 273.5 8.0 19.0 0.0
Person 448.5 276.5 9.0 21.0 0.0
Person 442.5 278.0 7.0 20.0 0.0
Person 379.0 251.5 10.0 19.0 0.0
Person 440.5 177.0 7.0 20.0 0.0
Person 386.5 205.0 7.0 16.0 0.0
Person 361.0 217.5 10.0 21.0 0.0
Person 601.0 28.5 8.0 15.0 0.0
Person 580.0 22.0 10.0 16.0 0.0
DontCare 470.5 56.5 43.0 35.0 0.0
Person 567.5 19.0 5.0 16.0 0.0
Person 561.0 15.5 6.0 17.0 0.0
Person 556.0 17.0 6.0 18.0 0.0
Person 550.0 17.5 6.0 17.0 0.0
Person 635.5 91.8765 9.0 28.3846 0.0
