Person 313.8313 9.3735 13.0 16.0 0.0
Person 270.7925 173.8451 20.128 14.4664 0.391853
Person 205.8313 214.3735 21.0 20.0 0.0
Person 266.3313 230.8735 14.0 21.0 0.0
Person 275.8313 248.3735 13.0 20.0 0.0
Person 180.1852 254.8823 10.5226 25.4933 2.958602
Person 193.8383 258.2326 12.81 23.2683 2.733882
Person 241.8313 301.8735 37.0 15.0 0.0
Person 241.923 313.212 16.0077 17.4452 2.58359
Person 152.3313 350.3735 16.0 16.0 0.0
Person 174.8313 362.3735 13.0 20.0 0.0
Person 162.8313 394.8735 21.0 25.0 0.0
Person 121.8447 398.1523 15.2459 25.3409 2.63289
Person 87.3313 438.3735 22.0 16.0 0.0
Person 188.8313 402.8735 17.0 19.0 0.0
Person 220.3313 389.8735 16.0 15.0 0.0
Person 184.3313 432.3735 10.0 18.0 0.0
Person 159.8313 466.3735 19.0 22.0 0.0
Person 255.3313 444.8735 16.0 19.0 0.0
Person 187.8313 488.3735 21.0 18.0 0.0
Person 625.3313 82.8735 16.0 21.0 0.0
Person 620.8313 256.3735 17.0 20.0 0.0
Person 616.8313 330.3735 11.0 26.0 0.0
Person 577.3313 434.3735 14.0 22.0 0.0
Person 480.8313 377.3735 15.0 22.0 0.0
