Person 500.3313 60.8735 14.0 15.0 0.0
Person 490.8313 117.3735 17.0 18.0 0.0
Person 503.3313 146.3735 16.0 16.0 0.0
Person 433.8313 29.8735 11.0 23.0 0.0
Person 433.3415 64.2632 13.3513 19.3446 0.609396
Person 417.7146 46.3364 21.7166 16.7317 2.703006
Person 298.8313 178.8735 23.0 19.0 0.0
Person 63.3313 216.3735 16.0 16.0 0.0
Person 86.3313 251.3735 16.0 18.0 0.0
Person 166.8313 288.8735 17.0 19.0 0.0
Person 245.8313 332.3735 15.0 18.0 0.0
Person 138.3313 304.3735 16.0 12.0 0.0
Person 102.8313 290.8735 15.0 15.0 0.0
Person 15.8313 290.8735 19.0 17.0 0.0
Person 68.3313 337.3735 22.0 18.0 0.0
Person 138.3313 340.8735 16.0 15.0 0.0
Person 171.3313 343.8735 16.0 19.0 0.0
Person 121.3313 370.8735 16.0 19.0 0.0
Person 289.8313 458.3735 19.0 14.0 2.859906
