Car 382.8313 202.8735 107.0 47.0 3.075773
Car 195.6071 176.1538 105.6881 44.4046 0.359019
Car 181.8941 223.2538 100.5396 43.2212 0.330646
Car 162.6572 273.5306 107.1885 47.0327 0.330646
Car 114.8313 371.3735 102.7409 42.7705 0.322526
Car 99.7025 422.6066 102.3088 40.8072 0.219661
Car 83.7025 472.6066 102.3088 40.8072 0.188636
Car 59.0482 502.1867 71.4337 17.6265 0.0
Car 506.8313 85.3735 44.5097 105.5457 0.57887
Car 557.0461 108.8649 41.4957 103.9689 0.608909
Car 599.6657 138.8735 78.6687 101.0 0.0
Car 624.6657 183.0123 30.6687 75.2777 0.0
