Person 345.8313 170.8735 17.0 21.0 0.0
Person 615.1852 76.5689 33.4609 12.9784 2.670857
Person 312.3313 212.3735 18.4361 24.4154 2.41495
Person 372.8313 301.3735 23.3595 17.8699 0.606767
Person 288.3313 261.8735 18.0 21.0 0.0
Person 285.8313 280.8735 15.0 17.0 0.0
Person 191.3313 263.3735 18.0 22.0 0.0
Person 242.8313 305.8735 15.0 17.0 0.0
Person 169.3313 330.8735 20.0 21.0 0.0
Person 415.3313 350.8735 16.0 19.0 0.0
Person 321.3313 367.3735 16.0 16.0 0.0
Person 295.8313 366.3735 15.0 16.0 0.0
Person 636.1657 93.338 7.6687 11.929 0.0
Person 636.8313 342.3735 5.0 16.0 0.0
