Person 197.8313 372.8735 13.0 17.0 0.0
Person 194.8313 385.3735 15.0 20.0 0.0
Person 215.8313 386.3735 17.0 16.0 0.0
Person 86.8313 255.3735 17.0 16.0 0.0
Person 172.8313 231.3735 13.0 16.0 0.0
Person 90.1005 306.705 15.0522 24.0527 2.787307
Person 154.4019 290.2396 11.8655 18.3377 2.949244
Person 237.8313 230.8735 19.0 21.0 0.0
Person 239.3313 258.8735 16.0 19.0 0.0
Person 287.3313 282.8735 18.0 19.0 0.0
Person 332.3313 245.8735 16.0 19.0 0.0
Person 266.3313 283.3735 15.6 9.2 0.643501
Person 299.3313 339.3735 14.0 20.0 0.0
Person 390.3313 222.8735 18.0 21.0 0.0
Person 340.3313 479.3735 16.0 18.0 0.0
Person 414.8313 95.8735 15.0 23.0 0.0
Person 432.8313 51.8735 17.0 19.0 0.0
Person 439.8313 25.3735 15.0 20.0 0.0
Person 437.3554 4.1867 10.0482 8.3735 0.0
Person 511.3313 63.3735 14.0 20.0 0.0
Person 486.3092 80.2708 27.2613 13.3105 2.82645
Person 506.8313 99.8735 19.0 19.0 0.0
Person 620.8172 82.727 14.5919 21.1199 0.227062
