Person 599.5 30.9744 9.0 18.0 0.0
Person 513.0 116.4744 14.0 23.0 0.0
DontCare 567.5 27.9744 33.0 26.0 0.0
Person 307.4872 3.4872 6.9744 6.9744 0.0
Person 282.5 73.9744 7.0 18.0 0.0
Person 473.5 230.4744 11.0 21.0 0.0
Person 449.5 208.4744 7.0 19.0 0.0
Person 438.5 212.4744 9.0 21.0 0.0
Person 383.5 212.9744 9.0 18.0 0.0
Person 351.5 193.4744 7.0 19.0 0.0
Person 343.0 192.9744 8.0 16.0 0.0
Person 290.5 173.4744 9.0 17.0 0.0
Person 287.0 161.4744 8.0 19.0 0.0
Person 419.0 317.4744 6.0 19.0 0.0
Person 412.5 320.9744 7.0 20.0 0.0
Person 523.0 406.9744 12.0 20.0 0.0
Person 572.0 422.4744 8.0 21.0 0.0
Person 580.5 420.9744 9.0 18.0 0.0
Person 538.0 488.9744 10.0 20.0 0.0
Person 502.5 475.4744 9.0 23.0 0.0
Person 391.0 490.9744 12.0 24.0 0.0
Person 33.0 127.4744 12.0 19.0 0.0
Person 44.5 92.4744 11.0 21.0 0.0
Person 133.0 94.4744 8.0 17.0 0.0
Person 152.0 146.4744 10.0 21.0 0.0
Person 234.0 92.4744 8.0 17.0 0.0
Person 535.8571 3.0 7.7143 6.0 0.0
Person 518.2 4.0 6.4 8.0 0.0
Person 511.0 3.0 6.0 6.0 0.0
Person 552.0 286.6842 10.0 18.0 0.0
DontCare 472.0 59.6842 50.0 44.0 0.0
