Car 373.8313 467.3735 77.6565 35.9787 0.550972
Car 402.249 435.5463 79.2062 33.0847 0.550972
Car 430.249 375.5463 79.2062 33.0847 0.550972
Car 447.749 345.0463 76.7837 31.0522 0.550972
Car 465.249 319.0463 77.6357 30.5287 0.550972
Car 480.8417 293.2051 78.8381 30.2828 0.463533
Car 499.8417 265.7051 73.0246 27.5989 0.463533
Car 518.3417 241.7051 75.7075 30.7297 0.546706
Car 567.9544 198.5119 77.5441 38.9371 0.485208
Car 588.8984 171.2733 75.3567 30.4613 0.485208
Car 603.8884 147.4371 66.6001 25.7875 0.485208
OtherVehicle 187.6775 96.9087 34.4787 56.6803 0.539301
