Car 405.5824 486.8735 78.5022 49.0 0.0
Car 434.3313 429.3735 78.8385 31.3765 0.520665
Car 448.4544 397.4096 80.0646 33.0652 0.509712
Car 469.8313 371.3735 81.0262 29.2533 0.509712
Car 486.8313 343.3735 81.0262 29.2533 0.431175
Car 504.2624 316.7462 75.8718 30.4384 0.465469
Car 524.1535 289.9925 76.9119 30.7211 0.486011
Car 573.3285 243.9106 76.4106 37.5865 0.486011
Car 594.8285 217.9106 76.2606 30.88 0.486011
Car 606.9607 189.3779 60.3087 26.9403 0.486011
OtherVehicle 188.2869 135.2613 34.3763 50.1534 0.495518
Car 266.3313 11.8735 26.0 23.0 0.0
