Person 162.3313 197.3735 16.0 22.0 0.0
Person 107.3313 245.3735 18.0 22.0 0.0
Person 178.8313 269.8735 17.0 31.0 0.0
Person 146.8313 294.3735 17.0 32.0 0.0
Person 205.8313 286.3735 29.0 32.0 0.0
Person 212.8313 312.8735 21.0 27.0 0.0
Person 101.3313 365.3735 12.0 16.0 0.0
Person 119.8313 369.8735 15.0 23.0 0.0
Person 169.8313 390.3735 11.0 14.0 0.0
Person 155.8313 397.3735 15.0 22.0 0.0
Person 134.8313 407.3735 11.0 14.0 0.0
Person 146.3313 408.8735 8.0 17.0 0.0
Person 176.3313 422.8735 12.0 19.0 0.0
Person 82.3313 428.8735 16.0 21.0 0.0
Person 129.8313 450.3735 25.0 22.0 0.0
Person 66.3313 456.8735 18.0 25.0 0.0
Person 44.3313 451.3735 14.0 20.0 0.0
Person 110.8313 480.3735 25.0 24.0 0.0
Person 66.7039 503.1867 16.7452 17.6265 0.0
Person 460.8313 346.3735 19.0 22.0 0.0
Person 539.3313 344.3735 12.0 18.0 0.588003
Person 633.1657 315.3469 13.6687 15.9468 0.0
Person 557.3313 356.8735 20.0 19.0 0.0
Person 549.3313 385.8735 12.0 13.0 0.0
Person 603.3313 406.8735 22.0 19.0 0.0
Person 572.8313 410.3735 21.0 14.0 0.0
Person 609.8313 463.3735 11.0 18.0 0.0
Person 503.8313 466.3735 15.0 14.0 0.0
Person 601.3313 462.3735 10.0 20.0 0.0
Person 522.8313 483.3735 17.0 14.0 0.0
Person 595.8313 496.8735 10.2404 25.4781 0.610726
