Person 425.5567 146.4644 13.4771 26.142 2.334921
Person 303.3313 158.3735 16.0 22.0 0.0
Person 397.6603 174.8809 18.967 9.837 2.615628
Person 318.8313 198.8735 15.0 21.0 0.0
Person 297.3313 264.3735 14.7716 31.0773 0.50684
Person 322.8313 270.3735 15.0 18.0 0.0
Person 50.3313 407.3735 18.0 14.0 0.0
Person 66.3313 502.8735 26.0 11.0 0.0
Person 423.3313 315.8735 20.0 19.0 0.0
Person 377.4057 255.8033 9.621 26.1122 0.575808
Person 391.3496 261.3815 12.4163 18.5487 2.624425
Person 458.3313 368.3735 24.0 18.0 0.0
Person 339.8313 372.3735 11.0 16.0 0.0
Person 365.8313 376.8735 15.0 17.0 0.0
Person 391.8313 446.8735 25.0 23.0 0.0
Person 429.8313 472.3735 15.0 18.0 0.0
