Person 246.8313 154.8735 17.0 21.0 0.100518
Person 235.859 182.2857 12.1636 22.7668 0.604261
Person 283.3313 238.3735 22.0 18.0 0.0
Person 296.3313 226.8735 18.0 15.0 0.0
Person 195.8429 212.416 14.4498 19.2872 0.519146
Person 209.8313 228.3735 15.0 26.0 0.0
Person 179.8313 251.8735 17.0 29.0 0.0
Person 137.5149 336.8784 16.5722 16.0853 0.370059
Person 163.8313 349.8735 19.0 21.0 0.0
Person 210.8313 378.3735 17.0 18.0 0.0
Person 140.3313 384.8735 16.0 17.0 0.0
Person 179.3313 391.3735 18.0 18.0 0.0
Person 202.3313 413.3735 14.0 20.0 0.0
Person 146.3313 409.3735 16.0 14.0 0.0
Person 89.3313 415.8735 12.0 21.0 0.0
Person 102.8313 419.3735 15.0 20.0 0.0
Person 254.8318 434.0305 20.6653 11.8946 2.304293
Person 140.5278 456.3527 19.2697 22.6716 2.942037
Person 68.8313 459.8735 15.0 21.0 0.0
Person 109.3313 486.3735 22.0 16.0 0.0
Person 584.3313 384.3735 18.0 16.0 2.782124
Person 560.6269 398.5591 14.2955 22.1753 0.455361
Person 589.8313 429.8735 15.0 15.0 0.0
Person 530.1819 502.1867 15.7012 19.6265 0.0
Person 629.3313 445.3735 14.0 20.0 0.0
Person 633.6657 506.3002 12.6687 9.8534 0.0
