Person 3.0 104.2857 6.0 15.4286 0.0
Person 156.0 123.5 10.0 19.0 0.0
Person 273.0 97.5 10.0 17.0 0.0
Person 177.5 91.5 15.0 21.0 0.0
Person 295.5 159.5 11.0 17.0 0.0
Person 365.5 92.0 9.0 18.0 0.0
Person 21.0 287.5 12.0 23.0 0.0
Person 8.5 294.5 13.0 23.0 0.0
Person 24.5 312.5 9.0 21.0 0.0
Person 486.2292 500.5 12.4583 23.0 0.0
Person 535.0 333.5 12.0 17.0 0.0
Person 577.0 229.5 10.0 21.0 0.0
Person 557.0 221.0 10.0 20.0 0.0
Person 540.0 206.0 12.0 22.0 0.0
Person 492.5 223.5 9.0 15.0 0.0
Person 469.5 210.0 9.0 18.0 0.0
Person 461.5 210.0 7.0 18.0 0.0
Person 424.5 189.0 9.0 20.0 0.0
Person 413.5 188.0 9.0 18.0 0.0
Person 395.0 79.0 8.0 18.0 0.0
Person 425.0 7.5 10.0 15.0 0.0
DontCare 582.0 66.6842 50.0 44.0 0.0
