Bicycle 478.8313 498.3735 27.0 26.0 0.0
Bicycle 452.2394 448.8113 21.9011 63.4844 0.094867
Bicycle 405.0578 416.1443 19.6891 57.9519 0.353781
Bicycle 419.3235 334.9332 28.0588 64.0109 0.79405
Bicycle 383.7559 295.1135 27.4714 67.1543 0.79405
Bicycle 309.1129 313.1166 23.6708 53.1107 0.427578
Bicycle 329.8313 255.3735 30.3355 53.6354 1.242721
Bicycle 448.5245 258.12 23.851 60.4834 0.561309
Bicycle 421.8313 247.3735 14.0333 42.9426 0.799298
Bicycle 400.1692 226.5376 23.3028 53.1163 0.799298
Bicycle 376.2643 206.9314 35.4699 59.7936 0.799298
Bicycle 335.3793 141.155 26.1113 72.1179 0.799298
Bicycle 319.7288 118.0143 23.4508 62.9756 0.799298
Bicycle 312.2288 92.0143 25.6211 66.4813 0.799298
Bicycle 284.7288 69.0143 24.8845 64.37 0.799298
Bicycle 265.7288 54.5143 24.0104 52.3602 0.799298
Bicycle 226.5461 42.3186 22.6695 59.1983 0.641016
Bicycle 217.3313 20.6867 42.0 40.6265 0.0
Bicycle 191.3313 8.1867 20.0 16.3735 0.0
Bicycle 359.8313 55.3735 51.0 34.0 0.0
Bicycle 459.9791 178.9456 35.0207 66.5282 0.82878
Bicycle 427.5137 148.8642 26.2694 58.0139 0.886808
Bicycle 485.6925 119.4476 27.674 61.4523 1.009227
Bicycle 451.3313 78.3735 29.6014 52.5334 0.612801
Bicycle 435.0616 56.718 17.4863 41.2015 0.513132
Bicycle 520.4587 102.8982 21.8895 40.6631 2.86219
Bicycle 486.8313 46.8735 50.7698 20.0106 0.615982
Bicycle 560.0334 165.7714 20.9617 61.4873 0.909742
Bicycle 572.0987 179.9984 18.2428 59.2072 0.909742
Bicycle 582.0987 203.9984 21.9265 54.4711 0.909742
