Bicycle 592.8313 220.8735 54.399 20.2669 0.547268
Bicycle 556.7457 230.5962 71.0783 34.8738 0.450505
Bicycle 496.3313 237.3735 60.817 27.5189 0.274549
Bicycle 419.3313 233.8735 56.6564 27.9114 0.050775
Bicycle 351.3313 225.8735 59.3798 27.5506 0.760994
Bicycle 299.136 245.4804 60.8216 26.4203 1.106542
Bicycle 161.3313 252.3735 54.5618 19.7739 1.188638
Bicycle 244.0467 180.2744 62.3808 27.0128 1.577507
Bicycle 193.3313 186.8735 64.8821 27.6282 1.485496
Bicycle 130.3313 200.8735 59.3492 34.3899 1.820713
Bicycle 201.6193 113.6198 57.687 21.4942 1.255987
Bicycle 178.3313 124.3735 45.1502 13.3215 1.497949
Bicycle 149.1883 132.8583 56.9432 24.2059 1.497949
Bicycle 119.1184 139.0498 60.3287 34.0554 1.497949
Bicycle 44.1359 129.2891 78.6153 30.7506 1.497949
Bicycle 18.8313 128.3735 20.8265 61.8972 3.017421
Bicycle 147.9191 56.6202 35.9743 62.999 3.066942
Bicycle 104.482 65.9617 31.3612 59.3277 3.066942
Bicycle 5.1657 50.3087 10.3313 53.8705 0.0
Bicycle 118.3313 19.1867 18.0 38.3735 0.0
Bicycle 61.3313 19.1867 24.0 38.3735 0.0
Bicycle 40.3313 13.1867 20.0 26.3735 0.0
