Person 397.3313 477.8735 18.0 27.0 0.0
Person 36.2325 507.6867 13.8024 8.6265 0.0
Person 370.3313 179.3735 18.0 20.0 0.0
Person 341.8313 204.8735 25.0 19.0 0.0
Person 320.3313 199.8735 14.0 25.0 0.0
Person 301.3313 280.8735 12.0 19.0 0.0
Person 403.8313 265.8735 13.0 17.0 0.0
Person 629.8313 148.8735 19.0 27.0 0.0
Person 373.8313 291.8735 15.0 17.0 0.0
Person 420.3313 308.8735 22.0 27.0 0.0
Person 389.3313 310.3735 23.2226 16.7544 2.628194
Person 446.3313 368.8735 16.0 17.0 0.0
Person 351.3313 375.8735 18.0 15.0 0.0
Person 318.8313 373.8735 17.0 15.0 0.0
