Person 341.3313 180.3735 12.0 18.0 0.422854
Person 320.3626 208.3338 11.9656 31.6547 0.424351
Person 371.4471 296.936 24.1393 18.2367 0.27931
Person 297.3313 259.3735 12.0 28.0 0.0
Person 201.3313 233.3735 16.0 16.0 0.0
Person 277.8313 278.8735 15.0 17.0 0.0
Person 220.5067 313.2758 16.6224 20.2114 0.521235
Person 186.5995 295.8047 15.7978 24.489 0.591328
Person 412.8313 345.8735 13.0 15.0 0.0
Person 321.3313 365.3735 16.0 16.0 0.0
Person 294.8313 361.8735 13.0 13.0 0.0
Person 442.3313 497.3735 22.0 24.0 0.0
Person 413.8313 499.8735 13.0 23.0 0.0
