Bicycle 572.3313 124.8735 44.431 20.7577 2.894354
Bicycle 582.3422 147.0498 52.6306 28.3908 2.894354
Bicycle 590.5065 170.9719 66.5399 28.5458 2.69761
Bicycle 594.4237 197.2978 66.0224 24.592 2.69761
Bicycle 612.6901 203.5327 54.9806 15.8103 2.188107
Bicycle 619.8313 227.3735 37.0 18.0 0.0
Bicycle 626.1657 249.3735 25.6687 24.0 0.0
Bicycle 631.8313 279.3735 15.0 18.0 0.0
Bicycle 618.6657 427.8735 40.6687 29.0 0.0
Bicycle 585.39 473.814 55.4232 25.8069 2.522926
Car 42.8343 155.3735 85.6687 80.0 0.0
Car 78.6657 279.8735 157.3313 109.0 0.0
Car 169.3313 479.1867 164.0 63.6265 0.0
