Car 256.1724 288.0014 62.6884 27.295 0.450798
Car 281.1184 245.7173 60.6009 23.2302 0.450798
Car 303.5579 227.6721 60.4813 25.4948 0.450798
Car 326.3313 192.8735 66.0568 24.1972 0.450798
Car 334.8313 173.8735 56.5099 22.6415 0.450798
Car 351.3313 158.8735 60.0815 23.1346 0.450798
Car 363.8313 143.3735 57.003 19.0698 0.450798
Car 380.8313 129.3735 61.4748 19.1273 0.450798
Car 394.998 113.7653 59.9619 21.4875 0.450798
Car 429.6428 89.3673 57.2903 29.9666 0.450798
Car 446.8593 69.387 57.8122 20.87 0.450798
Car 460.3593 56.887 57.3478 22.2058 0.450798
Car 560.3313 82.8735 62.0 29.0 0.0
Car 628.3313 57.8735 22.0 31.0 0.0
