Car 88.0348 241.9154 22.7331 45.7498 1.892849
Car 101.6325 215.6333 15.4949 46.7032 1.892849
Car 118.6325 204.6333 15.4949 46.7032 1.892849
Car 136.2017 186.2779 13.9782 46.3803 1.95015
Car 140.3313 172.8735 9.325 30.8228 1.908094
Car 155.2883 165.2733 11.8514 40.4428 1.908094
Car 163.6647 155.6257 11.0421 42.0483 1.908094
Car 169.3313 145.3735 10.59 30.1969 1.908094
Car 184.5836 139.3768 10.8946 41.4356 1.908094
Car 206.9078 122.4524 15.921 33.788 1.908094
Car 223.4658 113.8615 13.1128 38.2245 1.908094
Car 237.4457 105.2538 11.8452 32.6265 2.085791
Car 308.8313 119.8735 37.0 21.0 0.0
Car 365.6588 98.7993 15.5932 34.7424 0.816903
Car 386.1588 105.2993 14.1797 34.787 0.816903
Car 401.4785 111.2048 14.4795 35.3823 0.816903
Car 421.4785 117.2048 14.4795 35.3823 0.816903
Car 443.4785 122.2048 14.4795 35.3823 0.816903
Car 459.4785 129.2048 14.4795 35.3823 0.816903
Car 480.4785 136.2048 14.4795 35.3823 0.816903
Car 503.3313 140.3735 17.262 35.9169 0.816903
Car 538.3313 152.3735 17.262 35.9169 0.816903
Car 560.3313 157.3735 17.262 35.9169 0.816903
Car 579.3313 164.8735 15.164 35.1433 0.816903
Car 597.7125 172.2794 17.6466 36.6014 0.816903
Car 616.7125 175.7794 15.5486 35.8278 0.816903
Car 631.8313 184.8735 15.0 23.0 0.0
Car 28.0285 62.6025 33.5589 18.7593 2.646163
