Bicycle 381.3313 136.8735 22.9485 44.3437 0.521898
Bicycle 401.3846 147.6533 23.0816 48.3734 0.521898
Bicycle 421.8846 160.1533 26.7015 56.6738 0.521898
Bicycle 439.8846 177.1533 26.7015 56.6738 0.521898
Bicycle 462.8619 171.8176 20.3957 58.0489 0.191309
Bicycle 478.2724 179.5244 20.7926 54.4593 0.442711
Bicycle 500.7744 185.0096 21.3442 57.5434 0.500488
Bicycle 528.7744 195.5096 23.1132 69.1137 0.500488
Bicycle 545.2744 215.5096 23.6611 59.6956 0.500488
Bicycle 566.7744 231.0096 26.1427 66.3169 0.500488
Bicycle 467.1645 109.4658 16.5192 31.6205 0.500488
DontCare 573.4438 140.8975 17.7412 29.0455 0.694854
DontCare 525.1926 128.5952 22.5032 48.9353 2.81702
Bicycle 624.3313 127.3735 20.0 56.0 0.0
Bicycle 600.9289 386.1297 20.6377 53.3148 0.214701
Bicycle 600.3104 325.9357 39.1613 54.451 0.865015
Bicycle 622.8313 274.3735 33.0 54.0 0.0
Bicycle 151.8313 13.6867 13.0 27.3735 0.0
Bicycle 133.3313 7.1867 14.0 14.3735 0.0
Bicycle 100.3313 19.6867 32.0 39.3735 0.0
Bicycle 46.8313 6.1867 19.0 12.3735 0.0
Bicycle 14.3313 11.6867 20.0 23.3735 0.0
Car 105.3313 476.5 86.0 69.0 0.0
Car 16.5 440.8735 33.0 83.0 0.0
