Person 7.0 78.5 12.0 19.0 0.0
Person 177.5 87.5 7.0 17.0 0.0
Person 191.0 87.0 8.0 16.0 0.0
Person 283.5 54.0 9.0 20.0 0.0
Person 238.5 135.5 9.0 19.0 0.0
Person 235.5 154.0 11.0 18.0 0.0
Person 288.5 236.0 9.0 20.0 0.0
Person 156.0 481.5 12.0 23.0 0.0
Person 529.5 302.5 11.0 21.0 0.0
Person 434.5 315.0 9.0 20.0 0.0
Person 472.0 304.5 6.0 19.0 0.0
Person 484.0 302.0 6.0 20.0 0.0
Person 477.5 303.0 5.0 20.0 0.0
Person 499.0 257.0 10.0 20.0 0.0
Person 340.5 269.5 9.0 19.0 0.0
Person 388.5 251.0 9.0 22.0 0.0
Person 316.5 199.5 9.0 19.0 0.0
Person 380.0 200.0 6.0 16.0 0.0
Person 435.5 180.5 7.0 17.0 0.0
DontCare 465.0 51.5 52.0 39.0 0.0
Person 538.0 13.0 8.0 18.0 0.0
Person 545.5 14.5 7.0 17.0 0.0
Person 567.0 19.5 10.0 21.0 0.0
Person 581.0 15.5 8.0 17.0 0.0
Person 587.5 8.0 9.0 16.0 0.0
