Person 269.8313 185.3735 17.0 24.0 0.0
Person 164.8313 219.3735 17.0 26.0 0.0
Person 168.8313 256.8735 11.8371 28.6685 2.782266
Person 188.2603 252.1175 15.8047 20.3174 2.790707
Person 295.5181 5.6867 14.3735 11.3735 0.0
Person 259.8313 249.8735 23.0 21.0 0.0
Person 269.3313 269.8735 16.0 17.0 0.0
Person 235.8313 302.8735 29.0 17.0 0.0
Person 232.3313 314.8735 18.0 11.0 0.0
Person 117.9593 401.0729 11.9667 22.0119 2.453146
Person 241.3313 445.3735 12.0 18.0 0.0
Person 155.8313 396.8735 19.0 25.0 0.0
Person 214.3313 390.8735 12.0 15.0 0.0
Person 169.3313 368.8735 16.0 19.0 0.0
Person 182.8313 404.8735 21.0 19.0 0.0
Person 182.8313 437.3735 13.0 16.0 0.0
Person 81.4661 452.2652 13.5991 22.4804 2.531649
Person 154.1672 457.8773 6.3791 12.6564 2.55359
Person 156.6289 471.8795 8.8695 14.404 2.54859
Person 160.8313 500.3735 25.0 20.0 0.0
Person 615.8313 259.8735 19.0 17.0 0.0
Person 609.0853 325.882 16.8089 20.6926 2.36513
Person 471.3313 400.3735 22.0 12.0 0.0
Person 613.3313 385.3735 18.0 16.0 0.0
Person 565.8313 427.3735 15.0 18.0 0.0
Person 633.1657 424.9416 13.6687 19.1361 0.0
Person 537.2737 505.1867 17.8848 13.6265 0.0
