Person 381.8313 171.3735 13.5794 26.2412 2.466559
Person 266.3313 184.8735 18.0 17.0 0.0
Person 621.8313 69.8735 15.0 19.0 0.0
Person 627.3439 28.5112 10.6263 23.4615 0.825088
Person 635.6657 90.4416 8.6687 12.1361 0.0
Person 334.8313 244.8735 15.0 25.0 0.0
Person 223.8313 215.8735 15.0 21.0 0.0
Person 273.3313 240.3735 20.0 26.0 0.0
Person 372.3313 298.3735 24.0 18.0 0.0
Person 199.3313 215.3735 18.0 16.0 0.0
Person 246.8313 291.3735 11.0 16.0 0.0
Person 414.8313 349.3735 17.0 18.0 0.0
Person 252.3494 322.9693 18.7689 14.2965 2.480468
Person 322.3313 365.3735 16.0 16.0 0.0
Person 237.3313 414.8735 20.0 25.0 0.0
Person 401.8313 426.8735 13.0 17.0 0.0
Person 319.3313 448.8735 16.0 15.0 0.0
