Person 373.3313 297.8735 23.8022 17.5059 0.518431
Person 186.8313 154.8735 17.0 17.0 0.0
Person 351.8313 234.3735 11.0 20.0 0.464401
Person 327.8313 230.8735 19.0 19.0 0.0
Person 272.3313 191.3735 12.0 20.0 0.0
Person 260.3313 175.8735 20.0 19.0 0.0
Person 206.3386 209.9404 13.6965 18.1951 0.428143
Person 261.3313 288.3735 14.0 16.0 0.0
Person 273.0189 273.1037 9.2195 17.7509 0.712358
Person 414.3313 347.3735 18.0 18.0 0.0
Person 320.8313 365.8735 17.0 17.0 0.0
Person 240.3313 383.3735 16.0 20.0 0.0
Person 401.8313 478.3735 13.0 18.0 0.0
Person 615.3313 13.3735 16.0 18.0 0.0
