Car 74.9438 130.5639 98.7862 41.4727 2.533669
Car 139.3648 188.051 113.7409 62.757 2.626494
Car 237.802 293.9726 100.8889 45.2893 2.533625
Car 308.5076 358.3763 91.8383 48.0889 2.639877
Car 365.4396 421.7566 109.7707 49.3632 2.511744
Car 108.0388 344.1003 121.8351 55.9538 2.511744
Car 433.3313 478.8735 120.0 65.0 0.0
Car 42.3313 266.8735 84.0 83.0 0.0
Bicycle 465.8313 38.3735 11.0 28.0 0.837981
Bicycle 484.3313 46.8735 13.082 33.9685 0.837981
Bicycle 491.4556 61.5116 18.8053 41.4758 0.837981
Bicycle 502.7208 73.4729 20.7379 50.2467 0.837981
Bicycle 526.0357 82.9895 15.9808 37.5364 0.837981
Bicycle 539.1491 90.3996 15.9494 38.8067 0.931734
Bicycle 557.6655 103.8312 21.6803 49.2144 1.0269
Bicycle 563.2218 118.0976 19.2892 46.4681 1.0269
Bicycle 572.3769 133.5288 21.1041 42.1976 0.95103
Bicycle 600.9808 165.8716 27.0105 43.0116 0.95103
Bicycle 567.8463 194.6974 28.2701 43.9047 1.217869
Bicycle 601.8463 221.6974 28.2701 43.9047 0.926959
Bicycle 550.8506 226.9833 18.6096 43.8609 0.592126
Bicycle 619.161 294.4833 19.5544 42.0202 0.592126
Bicycle 627.3313 246.8735 24.0 39.0 0.0
