Person 493.8696 338.413 14.0 27.0 0.0
Person 598.3696 333.413 13.0 29.0 0.0
Person 418.8696 301.913 10.0 22.0 0.0
Person 368.8696 363.913 10.0 26.0 0.0
Person 519.3696 409.913 9.0 20.0 0.0
Person 394.3696 427.413 13.0 23.0 0.0
Person 255.0 212.9744 6.0 16.0 0.0
Person 238.5 213.4744 7.0 17.0 0.0
Person 231.5 214.4744 7.0 17.0 0.0
Person 227.0 215.4744 6.0 17.0 0.0
Person 140.5 150.4744 11.0 23.0 0.0
Person 70.0 131.9744 8.0 18.0 0.0
Person 38.5 125.4744 9.0 19.0 0.0
Person 142.5 58.4744 7.0 19.0 0.0
Person 298.5 174.4744 9.0 21.0 0.0
DontCare 335.0 56.5 48.0 35.0 0.0
Person 396.0 28.5 6.0 17.0 0.0
Person 403.5 19.5 5.0 15.0 0.0
Person 410.0 19.5 6.0 15.0 0.0
Person 416.0 27.0 6.0 14.0 0.0
Person 422.0 17.0 6.0 14.0 0.0
Person 431.0 23.0 8.0 18.0 0.0
Person 496.0 92.0 8.0 16.0 0.0
Person 520.5 67.5 7.0 13.0 0.0
Person 540.5 9.0 7.0 16.0 0.0
Person 589.7333 7.0 7.4667 14.0 0.0
Person 557.0625 3.5 6.125 7.0 0.0
Person 515.5 88.4474 5.0 9.0 0.0
Person 522.5 89.4474 5.0 17.0 0.0
Person 529.5 103.4474 7.0 13.0 0.0
Person 539.0 108.9474 6.0 10.0 0.0
