Person 145.5 59.0 7.0 20.0 0.0
Person 78.0 140.5 10.0 21.0 0.0
Person 140.5 165.5 9.0 19.0 0.0
Person 177.0 172.5 8.0 21.0 0.0
Person 299.5 173.5 9.0 21.0 0.0
Person 268.5 231.5 9.0 19.0 0.0
Person 254.0 236.5 6.0 19.0 0.0
Person 260.0 233.5 8.0 19.0 0.0
Person 456.5 493.0 7.0 20.0 0.0
Person 496.0 384.5 10.0 21.0 0.0
Person 412.5 411.0 9.0 24.0 0.0
Person 636.5 316.5 7.0 21.0 0.0
Person 399.5 286.5 11.0 21.0 0.0
Person 500.5 89.0 7.0 18.0 0.0
Person 524.0 88.5 8.0 17.0 0.0
Person 515.0 88.0 8.0 12.0 0.0
Person 530.5 102.5 7.0 13.0 0.0
Person 422.0 19.0 8.0 18.0 0.0
Person 445.0 17.0 8.0 16.0 0.0
Person 412.0 17.0 8.0 16.0 0.0
Person 410.0 31.0 8.0 18.0 0.0
Person 465.5 25.5 9.0 19.0 0.0
Person 481.5 32.5 7.0 15.0 0.0
Person 542.0 11.5 10.0 17.0 0.0
Person 550.2 4.0 6.4 8.0 0.0
Person 563.0909 4.5 8.1818 9.0 0.0
Person 587.125 5.5 8.25 11.0 0.0
DontCare 333.0 54.5 50.0 39.0 0.0
