OtherVehicle 110.6141 403.0144 38.1949 55.5399 0.417506
Car 169.6637 306.1707 26.3347 29.0703 0.189338
Car 146.7816 343.4184 24.0221 34.4581 0.291661
Car 322.3313 495.3735 48.6244 18.5383 0.3258
Car 326.2981 479.092 44.5916 19.3064 0.3258
Car 341.7981 468.092 52.5036 20.8555 0.3258
Car 347.7981 452.092 52.5036 20.8555 0.3258
Car 355.7981 438.092 50.6088 21.4956 0.3258
Car 367.2981 424.592 55.0257 18.9479 0.3258
Car 394.179 403.5045 51.5434 27.6921 0.3258
Car 403.763 386.2558 53.1053 22.4174 0.3258
Car 414.263 371.7558 50.5576 18.0005 0.3258
Car 502.8511 389.7196 51.0694 25.1652 3.055716
Car 567.3313 359.3735 46.8277 25.123 2.30362
Car 590.8313 367.3735 44.3745 22.4479 2.30362
Car 614.0854 376.6385 44.3505 21.714 2.410023
Car 629.1657 389.8735 19.6687 31.0 0.0
