Person 529.8313 124.3735 19.0 20.0 0.0
Person 634.3313 145.8735 10.0 21.0 0.0
Person 543.4109 150.2269 13.9033 24.939 0.373652
Person 589.2391 193.0956 12.4543 23.0782 1.020833
Person 497.3313 197.3735 16.0 22.0 0.0
Person 531.8313 205.8735 15.0 17.0 0.0
Person 40.4615 226.5173 14.7442 29.2419 2.469837
Person 68.3313 245.8735 18.4839 18.5296 2.469837
Person 49.5313 251.4735 9.0 18.0 2.498092
Person 21.5645 254.2286 19.0679 21.4714 2.680869
Person 35.365 275.3604 18.7842 24.1978 2.680869
Bicycle 172.8313 291.8735 19.7656 40.4391 0.432408
