OtherVehicle 212.8313 122.8735 55.0541 86.7816 0.379383
Car 15.1657 247.8735 30.3313 59.0 0.0
Car 60.8313 435.3735 28.3281 48.5646 0.439005
Car 333.8313 498.1867 49.0 25.6265 0.0
Car 359.165 456.396 61.927 23.7715 0.365839
Car 376.9761 431.2048 65.894 23.7913 0.414957
Car 392.5911 392.2072 65.1693 24.0518 0.338587
Car 400.4403 370.3917 59.3151 26.4128 0.324865
Car 411.4403 350.8917 63.4251 26.0838 0.324865
Car 420.4403 332.3917 62.4675 23.2407 0.324865
Car 428.9403 314.3917 61.5198 23.5599 0.324865
Car 441.8959 296.4457 58.9411 22.4226 0.32062
Car 473.5036 265.2926 59.7788 29.0763 0.319569
Car 485.0131 245.737 57.2416 24.5321 0.319569
Car 496.0131 228.237 58.8262 22.9544 0.319569
Car 600.4656 250.1036 60.299 28.6023 3.075199
