Car 10.6657 249.3735 21.3313 36.0 0.0
Car 162.6657 200.3735 65.3313 34.0 0.0
Car 158.6657 262.3735 55.3313 28.0 0.0
Car 156.6657 297.3735 69.3313 38.0 0.0
Car 236.8313 232.3735 61.0 26.0 0.0
Car 229.3313 251.3735 44.0 22.0 0.0
Car 226.3313 304.3735 52.0 26.0 0.0
Car 229.3313 331.3735 52.0 26.0 0.0
Car 225.3313 361.3735 60.0 28.0 0.0
Car 227.8313 390.8735 77.0 37.0 0.0
Bicycle 435.5768 208.6029 25.4621 14.9225 2.595938
Bicycle 444.3313 195.8735 14.0 21.0 0.0
Bicycle 447.3313 177.8735 20.0 11.0 0.0
Bicycle 458.8313 200.3735 9.0 18.0 0.0
Bicycle 424.8313 190.8735 11.0 19.0 0.0
Bicycle 454.3313 272.3735 10.0 14.0 0.0
Bicycle 442.8313 286.8735 13.0 15.0 0.0
Bicycle 399.3313 343.8735 22.0 11.0 0.0
Bicycle 424.3313 331.3735 18.0 12.0 0.0
Bicycle 422.8313 345.3735 15.0 12.0 0.0
Bicycle 498.3197 305.6069 11.2278 17.2261 0.481345
Bicycle 486.8313 338.8735 21.0 11.0 2.615231
Bicycle 518.9141 360.7392 10.986 24.8577 0.366575
Bicycle 515.2905 336.2506 21.9797 11.3989 0.243874
Bicycle 518.154 324.9381 10.5989 26.4943 2.499513
Bicycle 399.8313 399.8735 9.0 33.0 0.0
Bicycle 400.1045 371.8735 24.3456 12.4935 2.408778
Bicycle 394.3313 427.8735 14.0 23.0 0.0
Bicycle 402.8313 460.3735 15.0 28.0 0.0
Bicycle 402.7647 483.0842 28.772 13.0707 2.542774
