Bicycle 298.8313 228.3735 15.4793 46.7054 0.59507
Bicycle 329.1328 259.7001 25.577 52.7843 0.337271
Bicycle 345.6608 312.7521 25.6412 51.9062 2.832892
Bicycle 367.2415 373.9851 24.889 52.6677 3.047313
Bicycle 395.7933 417.6743 32.7743 56.8165 0.163713
Bicycle 417.7933 442.6743 25.2247 47.9281 0.163713
Bicycle 452.3313 499.1867 46.0 23.6265 0.0
Bicycle 326.8313 162.8735 24.3936 51.2148 1.304767
Bicycle 245.7877 125.6117 20.9045 46.6817 0.799781
Bicycle 304.174 126.269 26.4007 52.14 1.139198
Bicycle 365.406 107.7011 23.7743 48.5809 0.959734
Bicycle 347.3313 95.3735 18.7784 37.6214 1.060252
Bicycle 271.3313 84.3735 27.9844 43.3691 1.523584
Bicycle 330.7433 73.6816 25.7212 42.8579 1.060252
Bicycle 313.2433 54.1816 28.6176 47.9186 1.060252
Bicycle 289.8313 10.1867 35.0 20.3735 0.0
Bicycle 365.961 22.8664 43.8835 19.6769 2.685757
Bicycle 385.8313 47.3735 48.9649 29.4523 2.685757
Bicycle 427.8313 11.1867 61.0 22.3735 0.0
Bicycle 468.8939 54.3893 45.8925 20.8027 2.713761
Bicycle 476.8939 69.8893 50.7766 21.8727 2.713761
Bicycle 482.8939 88.8893 45.3174 24.3621 2.713761
Car 35.6657 359.3735 71.3313 64.0 0.0
Car 53.6657 459.1867 107.3313 103.6265 0.0
Person 290.2247 225.3252 18.7739 37.7514 0.08155
Person 261.8313 218.8735 17.0 21.0 0.0
