Car 104.3313 493.6867 84.0 34.6265 0.0
Car 113.6935 460.6348 84.8538 34.9197 0.179101
Car 120.3991 424.4734 82.0232 32.8985 0.111234
Car 131.8833 389.1975 82.0376 34.8879 0.171171
Car 140.8008 352.8827 81.2444 32.3753 0.243125
Car 172.9549 285.9967 80.0535 37.1533 0.206159
Car 185.2465 250.6142 76.1004 35.2321 0.227958
Car 194.7465 218.1142 78.3448 31.6317 0.227958
Car 333.4302 230.0736 78.1494 37.4248 3.036716
Car 420.8313 146.3735 31.8188 70.7995 0.481731
Car 458.8313 158.3735 31.8188 70.7995 0.511877
Car 495.0388 175.4544 32.2453 70.0249 0.534402
Car 532.552 190.1604 31.2257 78.8924 0.476536
Car 576.052 204.6604 33.3752 72.1559 0.476536
Car 609.4002 217.1447 33.3962 71.0193 0.415826
