Car 266.3313 336.3735 74.5696 34.342 0.382839
Car 283.7457 278.4455 66.0909 27.1314 0.382839
Car 299.7457 248.9455 72.7772 27.6729 0.382839
Car 313.7457 197.4455 72.4037 26.7453 0.382839
Car 321.7457 172.4455 67.9461 26.3843 0.382839
Car 334.8993 150.1038 68.2941 26.2913 0.332777
Car 343.6256 124.949 68.9125 23.6339 0.332777
Car 353.7793 101.8758 66.6751 25.2042 0.291143
Car 366.8313 79.3735 65.2623 25.4133 0.383767
Car 400.3313 39.3735 66.5815 31.3513 0.383767
Car 411.6079 16.6867 67.4468 33.3735 0.0
Car 537.8313 15.1867 65.0 30.3735 0.0
