Car 240.3313 75.8735 61.2941 134.5661 2.605762
Car 327.3313 30.1867 72.0 60.3735 0.0
Bicycle 590.5498 240.2878 46.766 16.6138 0.630923
Bicycle 632.1657 268.8735 13.6687 45.0 0.0
Bicycle 593.8559 301.6367 55.5555 26.2294 0.904724
Bicycle 558.8144 328.4293 52.354 25.3932 1.0682
Bicycle 455.3313 336.3735 46.4477 22.0593 0.207844
Bicycle 400.3309 357.8964 49.3356 23.0554 2.832904
Bicycle 341.3313 381.8735 51.1194 25.5306 3.031344
Bicycle 298.1903 414.2509 58.3088 34.7418 0.108146
Bicycle 275.3313 436.3735 45.359 21.0372 0.150472
Bicycle 214.6941 477.7885 57.3712 27.4859 1.948949
Bicycle 160.3313 503.1867 58.0 15.6265 0.0
Bicycle 630.1657 343.8275 19.6687 30.9079 0.0
Bicycle 616.9668 361.9917 14.6837 48.2448 2.287515
