Car 30.6657 230.3735 61.3313 34.0 0.0
Car 175.8313 54.8735 61.0 27.0 0.0
Car 104.8313 50.8735 65.0 27.0 0.0
Car 124.3313 15.8735 66.0 27.0 0.0
Car 318.8313 94.3735 59.0 26.0 0.0
Car 322.8313 68.3735 51.0 24.0 0.0
Car 327.8313 18.8735 59.0 27.0 0.0
Car 379.8313 102.8735 43.0 19.0 0.0
Car 380.8313 124.8735 45.0 19.0 0.0
Car 378.3313 146.8735 52.0 19.0 0.0
Car 367.8313 165.3735 43.0 20.0 0.0
Car 388.8313 44.8735 39.0 13.0 0.0
Person 178.8313 415.3735 19.0 36.0 0.0
Bicycle 531.4961 241.3801 21.0063 13.3983 2.626044
Bicycle 527.6886 203.6387 20.085 14.8053 2.740687
Bicycle 529.0848 227.1899 18.3838 11.3593 2.740687
Bicycle 575.7533 24.8518 18.576 11.7387 2.90015
Bicycle 567.9005 16.5509 15.4171 9.3279 0.183698
Bicycle 533.8313 268.8735 15.0 13.0 0.0
