Car 36.6657 109.8735 73.3313 61.0 0.0
Car 46.6657 220.8735 93.3313 63.0 0.0
Car 63.3946 313.5736 107.8671 52.6242 2.801403
Car 97.5519 409.5693 127.6877 57.5091 2.801403
Person 335.8313 221.3735 25.0 34.0 0.0
Bicycle 462.5851 459.104 21.3355 45.4959 0.291019
Bicycle 443.1121 432.3126 31.6558 55.3669 0.291019
Bicycle 423.1718 386.072 24.9846 52.9372 0.013194
Bicycle 410.8069 322.8336 22.3324 50.374 3.086978
Bicycle 403.8313 264.8735 27.3971 49.9139 0.534413
Bicycle 377.1497 228.9826 22.3429 49.6506 0.791834
Bicycle 418.8313 167.8735 23.6549 55.9504 1.396483
Bicycle 401.5138 128.2298 26.104 57.2784 1.30388
Bicycle 339.5296 118.9468 19.7529 50.204 0.955386
Bicycle 463.5296 118.9468 19.7529 50.204 1.015152
Bicycle 446.3313 105.3735 17.0795 37.3134 1.24913
Bicycle 434.8313 80.8735 25.9345 45.5346 1.24913
Bicycle 423.1817 57.9211 26.8792 52.4939 1.24913
Bicycle 374.8313 84.8735 29.6367 43.9507 1.539441
Bicycle 583.1607 121.1767 17.805 44.9445 1.201751
Bicycle 581.8313 99.8735 20.7726 50.9362 1.201751
Bicycle 573.5847 85.1865 20.0346 49.0352 1.201751
Bicycle 495.7178 63.0306 31.331 51.3847 1.201751
Bicycle 477.6804 33.7627 31.5257 49.396 1.201751
Bicycle 536.5714 26.6849 26.6676 54.3243 1.442929
Bicycle 409.3313 10.1867 42.0 20.3735 0.0
