OtherVehicle 285.4049 31.1867 64.1471 62.3735 0.0
Car 353.8313 504.3735 45.0 14.0 0.0
Car 376.3313 487.3735 64.6977 21.7762 0.41268
Car 389.8736 447.4381 65.0944 28.5613 0.41529
Car 399.7275 423.3661 62.5668 24.8874 0.41529
Car 412.0155 406.6921 62.7063 23.4283 0.30852
Car 421.5155 382.6921 61.7535 23.7319 0.30852
Car 431.2956 364.8519 58.8967 22.9476 0.335164
Car 443.2967 346.2925 61.0831 23.0173 0.382696
Car 474.4274 313.839 63.2466 29.8072 0.337512
Car 487.9274 292.339 61.2099 20.9838 0.337512
Car 498.4274 275.339 62.8158 22.5399 0.337512
Car 604.7681 297.8015 62.0704 27.6483 3.101592
