Car 46.1657 20.6867 92.3313 41.3735 0.0
Car 48.6657 111.1867 97.3313 48.3735 0.0
Car 59.6657 217.1867 119.3313 60.3735 0.0
Bicycle 395.8313 499.0 33.0 24.0 0.0
Bicycle 389.4903 447.4382 55.0037 28.1577 1.053278
Bicycle 387.6269 373.7963 47.6292 22.5114 2.253659
Bicycle 377.0148 343.4485 61.0708 33.6392 2.253659
Bicycle 371.8313 288.8735 56.2677 27.4944 2.01483
Bicycle 382.3999 225.7796 51.9478 23.6838 1.740927
Bicycle 394.0134 167.1836 52.561 20.5643 2.43696
Bicycle 434.9024 74.4867 44.268 21.542 3.079992
Bicycle 499.3313 41.3735 51.3825 18.4348 2.944199
Bicycle 437.0558 30.139 56.8163 26.9793 3.131857
Bicycle 493.2266 22.613 46.0173 19.9698 3.131857
Bicycle 379.3313 7.1867 44.0 14.3735 0.0
Bicycle 615.3313 79.8735 46.0 15.0 0.0
Bicycle 617.1657 59.3735 43.6687 18.0 0.0
Bicycle 616.8313 41.3735 43.0 18.0 0.0
Bicycle 551.92 6.6867 40.8226 13.3735 0.0
