OtherVehicle 28.1657 277.3735 56.3313 148.0 0.0
Bicycle 312.8313 166.8735 19.0 27.0 0.0
Car 601.8313 355.8735 61.0 29.0 0.0
Car 490.3877 332.8803 63.2358 25.4854 0.339293
Car 481.5723 350.3573 63.2358 24.376 0.339293
Car 467.0723 372.3573 63.6241 28.4808 0.339293
Car 435.5723 407.3573 65.7874 25.5963 0.339293
Car 424.0723 426.8573 64.5116 24.9861 0.339293
Car 410.5723 447.3573 67.6734 24.9307 0.339293
Car 403.5723 468.3573 67.6734 24.9307 0.339293
Car 389.5723 487.9838 67.6734 24.9307 0.339293
Car 378.3313 502.1867 58.0 17.6265 0.0
