Person 314.3313 412.3735 16.0 34.0 0.0
Person 27.8313 366.3735 15.0 32.0 0.0
Car 204.8313 221.3735 71.0 28.0 0.0
Car 100.3313 100.8735 76.0 25.0 0.101679
Car 123.8313 67.3735 59.0 24.0 0.0
Car 292.8313 49.3735 65.0 28.0 0.0
Car 362.3313 53.8735 66.0 29.0 0.0
Car 315.3313 13.6867 64.0 27.3735 0.0
Car 517.3313 23.3735 64.0 28.0 0.0
Car 511.587 73.3893 52.4755 28.0178 0.037482
Car 508.3313 99.8735 64.0 29.0 0.0
Car 578.3313 47.8735 50.0 19.0 0.0
Car 574.8313 67.3735 41.0 18.0 0.0
Car 566.8313 108.3735 51.0 22.0 0.0
Car 564.8313 131.8735 55.0 21.0 0.0
Car 562.8313 152.8735 57.0 17.0 0.0
Car 556.0104 171.4379 53.3008 20.2125 0.03131
