OtherVehicle 264.8313 56.8735 42.5448 104.9187 0.43764
OtherVehicle 177.7676 131.7795 39.2109 65.503 0.267448
OtherVehicle 112.1406 221.307 50.5718 89.5932 0.393237
Car 243.7424 16.6867 23.1002 27.4559 0.323389
Car 336.2343 400.9374 64.9022 33.5188 0.323787
Car 353.0665 357.0489 60.2136 26.889 0.323787
Car 370.0547 334.5405 62.4111 27.0985 0.366545
Car 385.5547 297.0405 62.2695 23.9394 0.366545
Car 392.0547 277.5405 59.1104 24.081 0.366545
Car 404.0547 261.5405 62.8447 22.6475 0.366545
Car 412.5547 245.0405 60.8359 20.2051 0.366545
Car 422.5547 228.5405 59.3272 21.8555 0.366545
Car 433.0547 211.0405 58.0352 21.2803 0.366545
Car 463.0547 182.5405 61.6943 25.2314 0.387559
Car 475.2972 164.2879 58.5892 21.633 0.387559
Car 487.2972 149.7879 58.9671 22.5588 0.387559
Car 585.3313 169.8735 60.0 27.0 0.0
