Bicycle 265.4684 440.6299 26.3238 41.8388 0.280218
Bicycle 253.3313 399.3735 50.6238 29.9538 0.845288
Bicycle 234.4898 360.0527 35.7512 15.1189 1.875854
Bicycle 221.4898 341.5527 38.1176 24.2513 1.875854
Bicycle 208.4815 314.3499 35.7963 18.2016 1.584769
Bicycle 202.4369 273.7897 36.6489 17.9681 1.404439
Bicycle 198.9491 239.3776 35.461 22.9896 2.033003
Bicycle 180.0621 216.7224 38.5641 23.8561 2.426191
Bicycle 207.6856 183.1077 33.9953 21.3899 2.879473
Bicycle 196.9143 159.7781 29.331 17.3852 2.879473
Bicycle 156.0802 151.7844 31.3858 20.8477 2.523492
Bicycle 184.6596 130.4526 31.4935 24.378 2.837829
Bicycle 224.3421 118.0521 38.2972 31.542 2.837829
Bicycle 244.9555 149.8818 23.8031 18.4355 2.819842
Bicycle 275.422 119.1883 32.9873 21.3626 2.862258
Bicycle 335.3313 132.8735 34.0521 18.8003 2.878831
Bicycle 338.3897 151.296 35.3572 22.0974 2.878831
Bicycle 308.8897 99.296 36.3228 22.3572 2.878831
Bicycle 301.6248 72.7415 16.116 30.0575 2.593729
Bicycle 213.0048 58.089 31.7608 16.4783 2.978001
Bicycle 210.8313 43.8735 27.0 15.0 3.021948
Bicycle 195.3313 37.3735 14.0 24.0 0.0
Bicycle 184.2932 27.0941 28.7443 18.968 2.844177
Bicycle 181.8313 8.1867 21.0 16.3735 0.0
