Car 121.8926 455.2801 43.3804 99.5242 2.521788
Car 190.3974 389.1724 32.1592 85.7346 2.519029
Car 234.3974 360.6724 34.3671 85.3807 2.540244
Car 294.8313 299.3735 35.1657 85.2078 2.459823
Car 326.8313 269.8735 34.5356 85.9843 2.459823
Car 359.8313 245.8735 34.5356 85.9843 2.459823
Car 390.5913 217.5702 33.0143 86.5874 2.384419
Car 425.8873 195.6315 33.2008 88.4568 2.384419
Car 456.8474 167.8622 33.4555 81.5826 2.469665
Car 535.8833 127.4935 35.146 84.1807 2.469665
Car 572.3833 102.4935 31.8734 81.6727 2.469665
Car 602.6657 79.953 31.2509 77.4479 2.469665
