Car 28.3313 150.8735 56.0 45.0 0.0
Car 30.6657 195.8735 61.3313 45.0 0.0
Car 45.5701 270.7613 74.1263 30.9046 2.886809
Car 67.8313 314.3735 72.0127 30.0528 2.998724
Car 76.8313 362.3735 90.1203 32.7312 2.965653
Car 83.5132 408.0071 78.5007 40.7215 2.993978
Person 201.3313 17.8735 12.0 29.0 0.0
Person 225.3313 13.1867 16.0 26.3735 0.0
Bicycle 226.3313 35.8735 26.0 11.0 2.9334
Bicycle 260.9894 31.8366 23.5345 10.5499 2.912361
Bicycle 250.9033 25.7764 23.2457 10.2196 2.9334
Bicycle 280.3313 44.8735 20.0 37.0 0.0
Bicycle 236.8313 50.3735 19.6468 15.4598 2.88099
Bicycle 254.3878 51.9966 27.1115 13.9789 2.847105
Bicycle 261.0042 68.1334 28.6278 21.3641 2.917865
Bicycle 314.3313 175.8735 32.0 21.0 0.0
Bicycle 308.8313 198.3735 21.0 20.0 0.0
Bicycle 405.3405 235.4162 27.1378 17.9072 2.985244
Bicycle 335.8313 260.8735 30.7346 14.4701 2.837858
Bicycle 382.1003 249.932 26.5359 12.6676 2.785828
Bicycle 305.3313 270.8735 26.0 15.0 0.0
Bicycle 280.3313 289.3735 33.0421 15.4991 2.537843
Bicycle 385.4769 267.3367 31.5078 17.2909 2.753274
Bicycle 437.5318 280.769 25.0461 12.029 2.809606
Bicycle 440.0318 286.269 26.3175 11.4095 2.809606
Bicycle 314.0318 293.269 26.3175 11.4095 2.878642
Bicycle 326.0869 313.2771 30.134 20.7384 2.878642
Bicycle 418.128 256.7401 32.4173 19.0025 2.880245
Bicycle 298.5157 338.7849 34.7408 17.7922 2.512796
Bicycle 312.3313 359.8735 24.0 31.0 0.0
Bicycle 313.1351 391.6187 16.0952 22.9439 2.956886
Bicycle 315.8313 417.8735 15.0 31.0 0.0
Bicycle 326.3313 438.3735 20.0 30.0 0.0
Bicycle 335.4269 457.0986 16.1425 23.1587 0.420571
Bicycle 348.4439 485.9375 19.6742 37.5365 2.415145
Bicycle 363.3313 506.1867 20.0 9.6265 0.0
