Bicycle 195.9508 13.6867 32.3568 21.0786 2.93112
Bicycle 166.8313 46.8735 20.482 35.6439 0.843304
Bicycle 187.6814 66.2637 22.3173 36.0061 0.235502
Bicycle 188.8567 99.1979 17.2417 32.4507 3.016282
Bicycle 195.189 134.4703 18.1297 36.9571 0.049345
Bicycle 207.189 160.4703 18.1297 36.9571 0.049345
Bicycle 218.5573 171.8693 17.0925 38.0329 0.240342
Bicycle 237.4663 208.2525 26.6962 39.4845 2.165921
Bicycle 250.5718 246.0287 27.31 40.9259 0.267543
Bicycle 281.0832 307.2277 25.1912 39.643 2.523449
Bicycle 489.5748 431.1281 42.5793 34.0267 2.978444
Bicycle 443.584 445.3545 41.0238 19.4559 3.057983
Bicycle 382.4939 452.7455 42.4379 31.3093 3.057983
