Car 15.6657 86.8735 31.3313 49.0 0.0
Car 41.1657 174.3735 82.3313 62.0 0.0
Car 47.6657 357.3735 95.3313 56.0 0.0
Car 84.4305 459.2288 113.1921 53.4151 3.045338
Bicycle 419.1617 126.1497 28.357 19.4705 2.984331
Bicycle 424.9824 143.0643 36.2441 18.5233 2.984331
Bicycle 427.9824 160.5643 41.7002 22.4259 2.984331
Bicycle 430.9824 184.0643 47.7828 22.378 2.984331
Bicycle 450.6828 203.8487 42.8314 22.2135 3.076549
Bicycle 454.9609 220.7655 41.5314 19.9577 3.076549
Bicycle 462.3313 245.8735 38.8104 19.564 3.076549
Bicycle 487.8313 239.3735 19.0 20.0 0.0
Bicycle 461.9315 265.645 40.1132 17.1597 3.09951
Bicycle 462.3313 286.8735 43.5654 25.1209 2.921423
Bicycle 569.3938 262.6215 30.1185 16.4524 2.802701
Bicycle 573.0966 281.6151 37.7719 24.3443 2.802701
Bicycle 586.8313 319.3735 52.9067 30.0314 0.074685
Bicycle 528.9578 317.3878 46.0977 26.6406 2.923814
Bicycle 543.4578 348.3878 47.9383 30.3301 2.923814
Bicycle 471.0547 338.0666 42.9525 30.6173 2.923814
Bicycle 423.297 357.3188 41.0681 31.2765 0.028122
Bicycle 480.3313 362.8735 41.7689 19.2965 2.835089
Bicycle 493.8313 383.8735 40.2121 17.6915 2.835089
Bicycle 507.5724 401.5891 44.4036 21.9656 2.800066
Bicycle 446.3313 401.3735 41.8954 29.065 2.907217
Bicycle 386.3354 388.5787 48.1402 21.0941 2.583704
Bicycle 619.1657 379.3735 39.6687 22.0 0.0
Bicycle 620.1657 395.3735 37.6687 16.0 0.0
Bicycle 621.6657 413.8735 34.6687 21.0 0.0
Bicycle 416.8313 495.1867 39.0 31.6265 0.0
Person 171.4439 149.7618 22.9919 28.624 3.115084
