Car 25.6657 482.8735 51.3313 43.0 0.0
Car 30.1657 442.3735 60.3313 42.0 0.0
Car 34.1657 405.8735 68.3313 39.0 0.0
Car 40.1657 373.3735 80.3313 40.0 0.0
Car 49.2105 333.9907 81.76 31.3848 0.191676
Car 85.6979 267.824 82.0723 37.1349 0.233243
Car 99.1979 231.824 82.1207 33.0121 0.233243
Car 108.5463 199.7016 76.3929 32.4167 0.296838
Car 250.6603 211.3077 74.4625 39.434 3.024422
Car 336.1577 130.0387 29.4586 71.737 0.540483
Car 376.1577 140.0387 32.2026 72.4229 0.540483
Car 411.1577 158.0387 32.2026 72.4229 0.540483
Car 448.5425 172.0249 34.1871 78.1887 0.53463
Car 491.6043 185.3972 31.9317 73.4402 0.466938
Car 527.0921 199.3653 35.4361 74.0076 0.416349
Car 568.8955 213.243 35.8735 71.3784 0.487476
Car 607.1657 227.743 33.1787 73.3453 0.487476
