Bicycle 72.6689 395.3223 50.9948 31.3786 0.687353
Bicycle 135.8569 398.8119 51.8338 32.7852 2.518283
Bicycle 210.4273 400.7844 51.7885 23.1829 0.920397
Bicycle 240.3313 393.8735 57.5297 29.4506 0.612846
Bicycle 294.5252 394.7821 53.4106 24.5659 0.445487
Bicycle 357.2211 406.5694 50.7841 24.8581 0.272485
Bicycle 413.8313 422.8735 46.3479 18.7049 0.840149
Bicycle 580.8485 418.5053 46.8054 19.0951 1.245966
Bicycle 502.105 469.5093 53.3385 24.6901 1.681915
Bicycle 547.3313 471.3735 54.7164 26.7977 1.621325
Bicycle 600.5878 469.573 52.6555 31.1201 1.674772
Bicycle 607.8313 502.1867 19.0 17.6265 0.0
Bicycle 582.8313 505.1867 13.0 11.6265 0.0
Car 389.8313 85.8735 71.0 143.0 0.0
Car 491.6074 81.258 51.5311 121.5564 0.024988
Car 599.7775 79.431 53.4222 94.0281 0.128899
