Bicycle 431.3313 305.3735 13.5272 24.597 2.567478
Bicycle 416.8041 313.4843 17.4837 36.5715 2.206282
Bicycle 365.7146 323.6069 11.6276 32.1246 0.463648
Bicycle 354.6521 350.0468 14.521 31.6072 2.567478
Bicycle 342.5067 360.4169 14.993 34.8021 2.730574
Bicycle 324.1653 366.0789 15.1136 35.5079 2.730574
Bicycle 284.6653 397.5789 11.9639 35.7898 2.730574
Bicycle 251.6653 416.5789 11.9639 35.7898 2.643188
Bicycle 243.6653 422.5789 11.9639 35.7898 2.643188
Bicycle 232.5941 423.547 9.312 31.9968 2.643188
Bicycle 226.0941 427.047 10.6684 31.5965 2.643188
Bicycle 220.0941 430.047 10.6684 31.5965 2.643188
Bicycle 214.0941 432.047 10.6684 31.5965 2.643188
Bicycle 208.0941 438.047 10.6684 31.5965 2.643188
Bicycle 199.0941 441.047 10.6684 31.5965 2.643188
Car 331.9391 66.5707 85.2151 36.8874 2.583942
