OtherVehicle 198.3313 129.3735 51.1323 130.8338 0.70911
Bicycle 563.9719 164.7427 17.7085 38.8121 2.50649
Bicycle 548.9591 182.6206 16.3977 36.9903 2.50649
Bicycle 528.4623 209.8352 18.3981 37.5323 2.49962
Bicycle 508.889 221.7072 19.8701 42.5495 1.950855
Bicycle 457.5651 289.2276 15.5196 39.8418 2.333149
Bicycle 448.4302 305.895 16.794 34.9725 2.384791
Bicycle 430.9302 319.395 16.6727 39.2134 2.384791
Bicycle 399.4302 367.895 15.2591 39.1729 2.384791
Bicycle 372.8247 403.515 12.1799 40.258 2.247563
Bicycle 366.1387 414.2672 10.787 34.8137 2.08491
Bicycle 359.7446 421.5486 10.0807 33.3346 2.194409
Bicycle 355.7446 431.5486 10.0807 33.3346 2.567761
Bicycle 348.7446 439.5486 10.0807 33.3346 2.567761
Bicycle 340.7446 442.5486 10.0807 33.3346 2.567761
Bicycle 334.7446 445.5486 10.0807 33.3346 2.567761
Bicycle 328.8997 451.8677 10.9859 35.5536 2.22769
