Person 462.8313 103.8735 9.0 17.0 0.0
Person 588.3313 126.3735 12.0 16.0 0.0
Person 493.8313 130.8735 9.0 15.0 0.0
Person 503.8313 123.3735 11.0 18.0 0.0
Person 500.8313 139.3735 7.0 16.0 0.0
Person 538.3313 123.3735 10.0 18.0 0.0
Person 553.8313 130.3735 9.0 18.0 0.0
Person 588.3313 140.3735 8.0 16.0 0.0
Person 573.8313 139.8735 9.0 17.0 0.0
Person 561.3313 146.3735 12.0 18.0 0.0
Person 389.8313 335.3735 13.0 18.0 0.0
Person 380.8313 352.3735 13.0 20.0 0.0
Person 368.8313 330.8735 9.0 17.0 0.0
Person 365.8313 344.3735 11.0 14.0 0.0
Person 358.3313 326.3735 8.0 22.0 0.0
Person 348.3313 325.8735 10.0 23.0 0.0
Person 416.3313 455.3735 12.0 22.0 0.0
Person 404.8313 455.3735 11.0 22.0 0.0
Person 397.8313 471.8735 11.0 19.0 0.0
Person 390.3313 462.3735 10.0 16.0 0.0
Person 368.8313 470.8735 11.0 19.0 0.0
Person 413.3313 488.3735 12.0 20.0 0.0
Car 109.0012 106.1204 34.365 13.2812 2.625667
Car 94.751 101.0605 35.6531 14.0585 2.518897
Car 68.751 89.5605 35.0698 14.8708 2.518897
Car 53.251 83.5605 32.6329 13.1211 2.518897
Car 39.251 79.5605 32.6329 13.1211 2.518897
Car 27.251 72.5605 34.2575 14.2876 2.518897
Car 16.2413 64.618 23.0103 11.1643 2.518897
