Bicycle 329.8313 235.8735 36.3876 11.2225 0.537769
Bicycle 335.8313 229.8735 36.3876 11.2225 0.537769
Bicycle 342.603 222.3877 33.4489 10.2908 0.537769
Bicycle 347.103 215.3877 34.3078 9.7786 0.537769
Bicycle 350.0986 209.5869 30.0444 9.1008 0.537769
Bicycle 357.0986 201.5869 30.0444 9.1008 0.537769
Bicycle 361.9773 192.1683 33.9261 9.7348 0.462068
Bicycle 366.1023 180.5977 36.3023 10.1272 0.528281
Bicycle 385.8313 141.8735 39.4573 10.0559 0.680235
Bicycle 409.3313 86.8735 40.2347 10.6848 0.680235
Bicycle 427.3313 69.3735 39.9027 14.2751 0.680235
Bicycle 435.8207 50.8246 36.8633 15.322 0.680235
