Person 436.0512 42.0462 12.5803 21.6881 0.342726
Person 429.3313 92.8735 12.0 21.0 0.0
Person 476.3313 52.8735 18.0 27.0 0.0
Person 473.8313 78.3735 13.0 24.0 0.0
Person 461.3313 83.3735 8.0 26.0 0.0
Person 454.3313 84.8735 8.0 25.0 0.0
Person 293.8313 294.8735 15.0 29.0 0.0
Person 311.3313 356.3735 19.102 28.1977 0.536662
Person 474.7401 344.1366 14.7864 23.5394 0.06679
Person 472.8313 366.8735 15.0 21.0 0.0
Person 513.8313 405.8735 13.0 21.0 0.0
Person 497.8313 368.8735 17.0 29.0 0.0
Person 508.298 371.485 11.7423 34.0388 0.219006
