Bicycle 521.8313 460.3735 12.9364 31.4587 2.844062
Bicycle 529.6837 459.3025 12.1095 33.1485 2.844062
Bicycle 536.6837 458.3025 12.1095 33.1485 2.844062
Bicycle 544.6837 456.3025 12.1095 33.1485 2.844062
Bicycle 550.6837 453.3025 12.1095 33.1485 2.844062
Bicycle 556.6837 454.3025 12.1095 33.1485 2.844062
Bicycle 567.6837 453.3025 12.1095 33.1485 2.844062
Bicycle 579.7508 449.9073 11.9775 34.3584 2.922426
Bicycle 617.3777 440.4769 11.4362 31.0217 2.922426
Person 90.1152 412.2452 18.7453 42.1001 3.090825
OtherVehicle 437.8313 30.6867 223.0 61.3735 0.0
