Car 155.2466 187.808 23.3592 9.4922 0.257648
Car 153.3772 200.5281 20.2667 12.7955 0.633756
Car 277.8766 92.278 32.727 13.4669 2.586329
Car 263.8766 86.278 32.727 13.4669 2.586329
Car 239.8766 73.278 32.727 13.4669 2.553155
Car 226.8766 67.278 32.727 13.4669 2.553155
Car 211.9296 63.0666 34.7133 14.2842 2.553155
Car 200.6654 57.4937 36.5776 14.338 2.451178
Car 186.6654 51.4937 32.4882 16.1482 2.451178
Car 156.6654 39.9937 33.1251 15.3772 2.451178
Car 146.0619 34.9215 32.5548 13.4415 2.451178
Car 133.4246 29.223 32.0182 14.7612 2.669864
Car 109.0707 22.1485 33.2369 15.2156 2.669864
Car 93.4246 17.223 33.7997 13.8523 2.669864
Car 80.2772 12.3665 33.1033 10.1675 2.669864
Car 68.8313 7.5 27.0 15.0 0.0
Car 49.3313 5.3735 16.0 10.0 0.0
Car 9.6657 11.8735 19.3313 15.0 0.0
Person 514.8313 340.8735 9.0 21.0 0.0
Person 563.3313 337.8735 8.0 17.0 0.0
Person 553.3313 339.8735 8.0 19.0 0.0
Person 543.8313 336.3735 11.0 16.0 0.0
Person 537.8313 355.3735 13.0 22.0 0.0
Person 545.3313 450.3735 12.0 22.0 0.0
Person 593.3313 458.8735 10.0 19.0 0.0
Person 594.8313 480.8735 11.0 23.0 0.0
Person 568.3313 462.8735 10.0 21.0 0.0
Person 560.3313 475.3735 14.0 20.0 0.0
