Person 467.8313 33.3735 9.0 22.0 0.172961
Person 480.488 47.7651 16.631 22.2683 0.207496
Person 458.8313 71.8735 9.0 23.0 0.0
Person 435.8313 79.3735 13.0 24.0 0.0
Person 411.8313 77.8735 11.0 23.0 0.0
Person 400.7299 75.12 14.4886 21.8028 0.227296
Person 393.0138 101.6116 12.4315 26.9038 0.54846
Person 388.3313 205.8735 26.0 21.0 0.0
Person 287.8313 274.8735 13.0 23.0 0.0
Person 534.1667 292.1338 17.2469 25.7998 0.180707
Person 495.8313 302.8735 14.9346 22.5157 0.304609
Person 475.3313 332.8735 10.0 17.0 0.0
Person 462.3313 327.8735 10.0 23.0 0.0
Person 467.8313 343.8735 11.0 11.0 0.0
Person 449.8313 330.3735 11.0 20.0 0.0
Person 448.8313 343.8735 13.0 15.0 0.0
