Bicycle 529.7233 23.0245 19.2372 34.0578 2.431957
Bicycle 514.4748 42.5554 15.6513 38.579 2.39363
Bicycle 497.7965 48.9105 13.4496 36.8787 2.662373
Bicycle 495.6411 74.8508 13.8929 35.6088 2.233459
Bicycle 480.576 89.7734 16.7642 38.9812 1.768044
Bicycle 443.5104 169.5589 15.8106 33.3546 2.186907
Bicycle 431.5244 187.4515 16.287 35.5647 2.186907
Bicycle 416.0244 204.9515 15.3696 38.591 2.186907
Bicycle 394.5244 259.9515 15.4709 34.9869 2.186907
Bicycle 372.958 297.9884 10.8124 37.3695 2.186907
Bicycle 366.5328 309.1979 10.9164 38.5887 2.005525
Bicycle 365.3316 320.2474 9.9454 26.6686 2.005525
Bicycle 358.7087 330.5121 14.3824 30.1026 2.005525
Bicycle 351.2087 341.0121 11.111 25.2758 2.005525
Bicycle 344.8273 347.1914 11.4361 28.473 2.005525
Bicycle 339.6998 356.5426 13.4772 31.907 2.005525
