Bicycle 381.4914 430.1831 12.6238 38.741 2.484204
Bicycle 389.9914 425.1831 12.1933 36.5468 2.484204
Bicycle 396.9914 421.1831 12.1933 36.5468 2.484204
Bicycle 400.9914 415.1831 12.1933 36.5468 2.484204
Bicycle 410.9914 412.1831 12.1933 36.5468 2.484204
Bicycle 415.9914 406.1831 12.1933 36.5468 2.484204
Bicycle 427.5507 402.4622 12.5875 34.9036 2.357465
Bicycle 435.5507 392.4622 12.5875 34.9036 2.450422
Bicycle 467.5507 362.4622 12.5875 34.9036 2.607836
Bicycle 508.7924 320.5067 15.3843 38.9831 2.607836
Bicycle 527.7924 309.5067 15.3843 38.9831 2.607836
Bicycle 542.5492 295.8322 16.7899 35.9046 2.569052
Bicycle 605.5561 241.4023 39.95 17.4474 0.456339
Bicycle 624.5955 230.3258 13.4156 33.6891 2.666741
