Car 92.1006 468.9563 32.5916 50.7878 2.988425
Car 179.2263 461.3597 32.266 41.4354 2.988425
Car 320.7263 449.3597 28.24 34.7428 2.988425
Car 254.3313 498.6867 24.0 24.6265 0.0
Car 320.3313 495.6867 24.0 30.6265 0.0
Car 507.5112 437.9983 27.975 37.601 3.09929
Car 464.5112 439.9983 27.975 37.601 2.87616
Bicycle 40.5124 360.371 10.0333 22.5245 0.18837
Bicycle 60.8313 348.3735 13.0 18.0 3.072339
Bicycle 49.0147 366.6102 11.5107 17.0621 0.197396
Bicycle 53.0275 378.8469 30.6645 15.5055 2.315812
Bicycle 75.4925 365.3385 15.1212 23.5971 2.488746
Bicycle 113.8255 364.4662 15.8689 27.0082 2.488746
Bicycle 97.3313 360.8735 18.0 17.0 0.0
Bicycle 248.3313 361.3735 18.0 18.0 0.0
Bicycle 267.3313 359.3735 14.0 22.0 0.0
Bicycle 293.964 343.1333 12.7633 20.5616 2.668141
Bicycle 308.3313 317.8735 10.0 17.0 0.0
Bicycle 319.3313 317.8735 12.0 17.0 0.0
Bicycle 330.8313 322.3735 13.0 28.0 0.0
Bicycle 358.3313 319.3735 14.0 24.0 0.0
Bicycle 345.3776 325.9521 10.1284 23.4883 2.97497
Bicycle 349.8313 352.3735 7.0 16.0 2.951716
Bicycle 357.8313 354.8735 11.0 17.0 2.723003
Bicycle 369.8313 353.8735 10.2481 18.7876 2.723003
Bicycle 350.3313 371.8735 11.3692 20.97 2.643978
Bicycle 415.8313 370.8735 21.0 11.0 0.0
