Car 330.9163 444.0342 32.9981 47.3323 3.012192
Car 416.9973 445.1427 29.2195 45.4266 3.109366
Car 560.6244 442.2984 30.882 41.9031 2.91919
Car 489.3313 489.3735 28.0 36.0 0.0
Car 556.2328 486.9772 30.0095 39.1978 3.086434
Bicycle 304.8313 317.8735 9.0 19.0 0.0
Bicycle 286.8313 333.8735 9.0 21.0 0.0
Bicycle 296.3313 333.3735 8.0 20.0 0.0
Bicycle 292.8313 352.3735 9.0 16.0 0.288913
Bicycle 303.7552 347.7265 12.2689 20.0505 0.414615
Bicycle 318.3313 337.8735 10.0 19.0 2.815037
Bicycle 342.953 338.1363 12.0444 23.7979 2.794972
Bicycle 357.289 340.1822 13.8468 26.673 2.794972
Bicycle 492.8313 348.3735 19.0 18.0 0.0
Bicycle 510.8313 346.3735 13.0 22.0 0.0
Bicycle 539.4696 333.8184 11.6951 22.6283 2.833261
Bicycle 556.3313 308.8735 12.0 17.0 0.0
Bicycle 566.3801 310.3552 10.3383 20.3365 0.208611
Bicycle 578.8313 316.3735 13.0 30.0 0.0
Bicycle 590.8313 306.3735 11.0 20.0 0.0
Bicycle 604.8313 309.3735 11.0 20.0 0.0
Bicycle 620.3313 309.8735 8.0 19.0 0.0
Bicycle 601.4495 327.1596 9.9079 17.6825 0.267985
Bicycle 593.8313 323.8735 9.0 15.0 0.0
Bicycle 618.2414 349.6471 8.5114 22.2248 2.759768
Bicycle 606.3313 349.8735 8.0 21.0 2.789828
Bicycle 596.3313 347.3735 10.0 16.0 2.687995
Bicycle 595.9871 366.3301 8.068 17.2264 2.697349
