Car 508.8313 490.1867 37.0 41.6265 0.0
Car 618.3313 491.1867 34.0 39.6265 0.0
Bicycle 498.3313 301.3735 12.0 24.0 0.0
Bicycle 477.8313 311.8735 13.2425 22.1503 0.411711
Bicycle 472.5329 328.0434 9.2054 21.7006 0.256151
Bicycle 482.2417 331.7593 10.1382 19.4786 0.324583
Bicycle 477.7363 350.5824 13.9736 20.198 0.435497
Bicycle 491.604 344.4413 11.8013 25.4937 0.435497
Bicycle 511.7091 331.0505 11.4034 23.5382 3.0318
Bicycle 540.8815 333.6498 13.4059 25.2482 2.907369
Bicycle 556.8818 333.151 15.1192 26.6826 2.907369
