Car 65.6529 201.0222 31.2559 53.3435 3.021555
Car 158.0096 191.9792 29.0308 45.6406 3.021555
Car 263.0986 186.7174 27.5242 42.917 3.021555
Car 307.5133 177.7316 31.0229 39.5203 2.960422
Car 359.462 168.5807 25.1728 34.1306 3.044306
Car 456.3044 165.096 28.1573 41.4861 2.959394
Car 501.8873 162.5851 28.2155 44.5533 2.984299
Car 238.0071 237.5635 29.3601 38.6857 3.017807
Car 305.2839 230.3995 29.1485 40.6602 3.017807
Car 455.2053 336.9014 34.4931 55.8333 2.923682
Car 240.1399 412.2297 34.9369 68.6194 3.029662
Car 121.92 419.0383 34.608 66.4296 3.1149
Bicycle 24.5669 60.6519 11.9746 22.7121 3.076467
Bicycle 6.2483 79.2242 11.165 25.8902 0.038278
Bicycle 13.7483 64.2242 12.0112 21.8549 0.038278
Bicycle 16.1695 83.0325 10.8178 21.6039 0.112523
Bicycle 15.6138 100.0656 10.2809 21.2739 0.453689
Bicycle 26.7523 94.5116 8.2332 24.3982 0.280462
Bicycle 41.4728 80.5422 12.3254 20.3277 2.692712
Bicycle 67.3203 79.6223 13.1131 23.5233 2.692712
Bicycle 80.3203 77.6223 13.1131 23.5233 2.692712
Bicycle 228.9907 78.9283 17.2413 18.8367 2.859609
Bicycle 248.5151 75.2787 13.3358 24.0432 2.944429
Bicycle 276.3158 57.135 11.6086 21.9116 2.855605
Bicycle 292.8313 28.8735 9.0 23.0 2.846291
Bicycle 302.3313 28.8735 12.0 21.0 0.0
Bicycle 316.3313 26.3735 14.0 18.0 0.0
Bicycle 316.8587 45.9857 10.4873 20.4469 2.801007
Bicycle 330.3313 25.8735 12.0 19.0 2.893875
Bicycle 332.3313 40.8735 8.0 17.0 0.0
Bicycle 341.8313 24.8735 13.0 17.0 0.0
Bicycle 341.1861 40.8343 10.1648 19.3281 0.375917
Bicycle 341.6361 55.6502 10.6902 16.6549 2.639043
Bicycle 347.8313 69.8735 11.0 21.0 2.901127
Bicycle 336.6953 67.1014 10.7331 19.8387 2.677945
Bicycle 359.8328 69.5432 10.727 21.8712 2.644421
Bicycle 337.6986 88.1459 12.1032 20.2093 2.570799
Bicycle 406.8313 86.3735 21.0 14.0 2.922924
Bicycle 535.8313 68.8735 25.0 17.0 0.0
