Car 32.0385 468.8411 21.6507 31.5973 2.955033
Car 73.9866 459.9123 27.7581 38.0943 2.808444
Car 125.8313 450.3735 26.0373 33.2123 3.110728
Car 221.8189 441.2752 24.0194 32.9534 3.110728
Car 77.4547 500.6867 26.2467 22.6265 0.0
Car 260.3313 433.3735 30.0 36.0 3.098516
Car 573.9674 120.7662 29.7813 34.6791 2.918064
Car 545.3183 78.0639 27.2572 39.6707 2.790999
Bicycle 12.3313 368.3735 16.0 32.0 0.0
Bicycle 38.2204 355.8154 13.1162 20.2219 2.721599
Bicycle 53.8313 330.3735 11.0 18.0 0.0
Bicycle 61.8313 327.8735 11.0 19.0 0.0
Bicycle 75.8313 332.8735 13.0 27.0 0.0
Bicycle 88.3313 327.3735 12.0 28.0 0.0
Bicycle 100.3313 327.3735 12.0 22.0 0.0
Bicycle 98.3313 361.3735 12.0 16.0 2.609089
Bicycle 99.6034 380.1625 10.5985 16.2267 2.598914
Bicycle 107.1622 362.7281 11.1183 17.2915 2.611166
Bicycle 120.6159 362.9363 11.0988 16.6775 2.403778
