Car 300.9915 472.2091 36.1232 63.8404 3.067833
Car 405.479 471.5401 35.4944 58.4414 3.067833
Car 530.979 473.0401 34.7182 55.3758 0.010494
Car 585.8776 470.1903 35.0545 56.0764 3.072379
Bicycle 272.9868 288.8911 11.6032 22.8178 3.067752
Bicycle 289.8313 314.3735 8.3033 25.1407 3.012586
Bicycle 261.8313 317.3735 7.0 20.0 0.146687
Bicycle 272.2133 330.4953 10.1456 25.2869 0.351714
Bicycle 259.2377 336.6388 10.3757 21.0522 0.449937
Bicycle 318.5175 318.1257 13.1425 25.1513 2.859335
Bicycle 334.5175 313.1257 13.1425 25.1513 3.036321
Bicycle 501.9622 328.7703 20.6146 18.6144 2.886986
Bicycle 524.8313 328.8735 15.0 27.0 0.0
Bicycle 561.3882 309.0069 10.1913 25.0544 2.907948
Bicycle 581.3313 275.8735 10.0 21.0 3.075524
Bicycle 595.3313 275.3735 12.0 20.0 0.355072
Bicycle 609.3313 275.3735 14.0 24.0 0.0
Bicycle 626.3313 270.3735 10.0 20.0 0.0
Bicycle 608.7526 299.3945 11.9485 20.1561 2.855098
Bicycle 628.3313 291.8735 8.0 19.0 0.0
Bicycle 637.1657 290.1362 5.6687 19.5254 0.0
Bicycle 630.6107 326.1904 10.7269 26.6524 2.918305
Bicycle 628.3163 353.9157 9.9672 22.8016 2.856905
