Car 421.2998 34.7926 32.638 58.7301 0.536063
Car 197.1834 373.9084 36.097 79.6745 0.536563
Car 130.3313 466.3735 38.4793 72.5213 0.536563
Bicycle 189.3619 154.8535 26.3789 12.8401 2.978198
Bicycle 187.4146 143.2174 28.1419 15.8006 3.021396
Bicycle 186.4146 123.2174 26.636 11.5896 3.021396
Bicycle 186.9146 114.2174 29.6143 11.9494 3.021396
Bicycle 182.8744 101.908 31.3002 13.5416 2.998239
Bicycle 179.3744 87.908 32.0042 15.664 2.998239
Bicycle 175.3744 69.908 29.4533 19.3372 2.998239
Bicycle 185.3744 38.908 25.7801 16.7863 2.998239
Bicycle 177.8744 25.908 27.0555 14.9496 2.998239
Bicycle 175.8584 7.649 25.3123 12.7461 0.027973
Bicycle 160.8313 49.8735 9.0 19.0 2.963717
Bicycle 127.8313 50.8735 10.4293 27.0782 2.739479
Bicycle 101.8313 50.8735 13.0 27.0 2.869345
Bicycle 39.8313 56.3735 10.3506 28.5983 2.629182
Bicycle 5.6657 62.8735 11.3313 17.0 0.0
Bicycle 22.9136 82.9009 29.1726 14.8184 3.012682
Bicycle 24.1107 95.4666 33.5469 14.1554 3.072736
Bicycle 26.8313 106.8735 27.0 15.0 0.0
Bicycle 26.9706 126.3993 24.7334 18.3572 2.635053
Bicycle 59.1544 103.415 31.7099 20.0872 3.077301
Bicycle 63.8313 123.8735 25.0 15.0 2.890149
Bicycle 69.2768 134.4872 30.8539 16.4885 2.874852
Bicycle 71.246 147.9656 29.7926 12.8585 2.916478
Bicycle 75.3313 158.3735 28.0 12.0 0.0
Bicycle 71.8313 170.3735 31.0 14.0 0.0
