Car 404.0174 71.3692 42.9056 99.3424 0.346409
Bicycle 45.969 32.2077 41.3153 13.7062 3.01386
Bicycle 44.813 46.2604 37.7586 14.4876 2.73545
Bicycle 55.8388 56.2253 41.8018 15.8597 3.05759
Bicycle 69.7211 97.6882 37.8385 24.0475 3.003977
Bicycle 78.8974 114.5426 35.7113 18.4001 2.857851
Bicycle 5.6657 151.3735 11.3313 24.0 0.0
Bicycle 43.8313 133.8735 19.4165 30.6104 3.002953
Bicycle 73.921 180.2748 39.5682 20.931 2.921849
Bicycle 75.8313 197.8735 32.1966 16.4129 2.921849
Bicycle 81.778 214.092 38.2931 16.3237 2.896958
Bicycle 87.778 239.092 42.174 17.2925 2.896958
Bicycle 96.278 259.092 41.6882 15.1099 2.896958
Bicycle 96.778 273.592 33.6856 18.2656 2.896958
Bicycle 103.278 315.092 40.7194 18.9908 2.896958
Bicycle 106.778 330.592 38.5353 15.3535 2.896958
