Person 477.8313 409.3735 11.0 12.0 0.0
Person 464.3313 408.3735 10.0 12.0 0.0
Car 322.3313 238.3735 36.223 12.1613 0.219033
Car 309.1526 245.4381 31.5631 11.2821 0.219033
Car 297.6526 255.9381 39.0477 12.6894 0.219033
Car 283.6526 263.9381 39.0477 12.6894 0.219033
Car 275.6526 271.9381 39.0477 12.6894 0.219033
Car 263.6537 280.8949 30.8646 11.5251 0.11386
Car 242.1438 301.3868 34.6572 13.3695 0.069845
Car 253.0786 290.7834 38.8844 14.8294 0.287855
Car 224.9064 307.7774 28.0993 12.7338 0.08942
Car 213.4064 318.2774 43.1287 12.3903 0.08942
Car 193.9064 326.2774 20.042 12.4522 0.08942
Car 187.3504 335.9786 25.0357 11.4919 0.08942
Car 182.0909 344.8726 39.6942 10.5852 0.08942
Car 169.0909 352.3726 35.4422 13.216 0.08942
Car 156.0532 365.6941 43.3929 16.1897 0.080652
