Car 607.8313 252.8735 36.5267 13.7039 0.38456
Car 594.4018 261.022 28.0292 10.9906 0.38456
Car 581.8403 268.6159 38.5573 13.9699 0.38456
Car 564.4607 274.6411 36.3719 10.5936 0.38456
Car 555.9736 284.051 40.5879 13.573 0.38456
Car 542.7483 290.6648 31.9745 11.3573 0.065231
Car 532.3709 300.1964 38.0097 12.0442 0.415242
Car 520.3709 309.1964 38.0097 12.0442 0.227634
Car 499.716 314.7702 35.7282 10.9498 0.383302
Car 490.6831 326.2433 41.6935 11.6747 0.279035
Car 468.7909 332.1317 23.4338 12.5132 0.279035
Car 462.5111 339.605 28.756 10.97 0.090968
Car 459.0087 350.617 41.0053 12.5428 0.192012
Car 443.7055 356.4609 36.0422 11.1521 0.192012
Car 429.7144 367.8367 41.989 17.0762 0.321648
Car 143.6305 377.5806 46.0841 17.4374 0.282331
Car 129.6305 390.5806 46.0841 17.4374 0.282331
Car 123.1658 405.5573 47.127 21.1905 0.188178
Car 94.7153 441.6469 51.3354 20.8789 0.304147
Car 81.5781 459.4913 49.6177 24.8576 0.144965
