Car 520.9977 83.9348 38.1761 76.652 0.35288
Car 394.3613 350.822 37.2641 83.2265 0.377755
Bicycle 60.8577 236.9117 36.7431 15.3349 3.037305
Bicycle 64.5596 265.786 30.2088 14.398 3.037305
Bicycle 79.0596 314.786 33.1925 14.7103 3.037305
Bicycle 85.0669 334.5412 33.2735 16.2186 0.043943
Bicycle 94.9131 367.0519 34.5465 19.4394 3.007415
Bicycle 101.4131 383.0519 32.1086 15.074 3.007415
Bicycle 68.7245 396.5551 20.7198 33.5324 2.984365
Bicycle 29.5856 406.0804 13.0045 33.4243 2.502705
Bicycle 92.8024 434.3822 37.4537 21.5141 2.894624
Bicycle 95.6083 448.0558 31.2817 15.4571 2.894624
Bicycle 98.942 462.3794 37.5886 17.7147 2.894624
Bicycle 103.942 482.8794 39.7724 17.234 2.894624
Bicycle 110.3313 502.1867 38.0 17.6265 0.0
