Bicycle 100.8313 103.8735 37.0 17.0 0.0
Bicycle 102.3313 125.3735 28.0 16.0 0.0
Bicycle 114.3313 161.8735 30.0 11.0 0.0
Bicycle 117.8313 175.8735 31.0 17.0 0.0
Bicycle 124.8313 199.3735 29.0 16.0 3.017933
Bicycle 130.3889 212.9619 28.376 12.8749 3.002728
Bicycle 103.4996 220.4725 15.1626 23.2956 2.945634
Bicycle 69.08 226.9966 11.094 24.7581 2.55359
Bicycle 41.573 229.2381 12.1497 29.8255 2.926908
Bicycle 6.6657 288.8735 13.3313 11.0 0.0
Bicycle 7.1657 309.8735 14.3313 11.0 0.0
Bicycle 11.6657 322.3061 23.3313 15.8653 0.0
Bicycle 12.6657 332.8969 25.3313 9.0469 0.0
Bicycle 13.1657 341.3735 26.3313 12.0 0.0
Bicycle 15.1657 352.8735 30.3313 15.0 0.0
Bicycle 14.1657 364.8735 28.3313 15.0 0.0
Bicycle 121.1456 248.0793 31.5932 19.9022 2.98083
Bicycle 125.3524 268.0355 33.111 16.4892 2.916303
Bicycle 129.3524 283.0355 33.111 16.4892 2.916303
Bicycle 133.9797 294.8003 32.093 15.1258 2.953722
Bicycle 134.0672 306.3704 26.1575 15.1582 2.953722
Bicycle 136.3747 329.4439 28.4492 13.0293 3.102157
Bicycle 138.1178 340.9343 29.7379 18.0649 3.102157
Car 381.7311 195.8585 33.9004 67.5399 0.434899
Person 539.7974 184.7378 8.6785 20.6667 0.076772
Person 530.8313 179.8735 9.0 21.0 0.0
