Car 336.8313 331.3735 24.6843 41.0327 0.040564
Car 425.8313 335.3735 24.6843 41.0327 0.024882
Car 126.7608 386.4878 26.2838 49.1529 0.101759
Car 308.9293 202.3971 22.8764 38.0037 3.139692
Car 380.8932 202.3952 20.8155 31.9961 3.139692
Car 491.3932 232.3952 19.827 25.9943 3.139692
Car 438.3932 231.3952 19.827 25.9943 3.139692
Car 464.3932 202.8952 21.8289 24.9981 3.139692
Car 421.3932 205.8952 17.8327 22.9905 3.139692
Car 495.9386 200.1158 20.579 27.1878 2.956193
Car 599.5694 304.4924 24.3579 36.4567 2.987559
Car 538.7342 204.5801 22.5343 32.7028 0.040424
Car 619.076 202.1579 17.2951 28.4412 3.012486
Bicycle 275.5049 125.2415 10.6185 19.9068 0.3274
Bicycle 280.8313 138.3735 7.3785 18.616 0.3274
Bicycle 281.9094 121.9198 8.5434 13.1416 0.262275
Bicycle 289.8313 135.3735 9.0 16.0 0.0
Bicycle 290.3313 115.8735 8.0 13.0 0.0
Bicycle 301.3313 126.8735 10.0 19.0 2.862891
Bicycle 321.8708 129.6233 8.8968 17.3861 2.72389
Bicycle 331.4487 127.975 9.8582 18.7952 2.859407
Bicycle 444.3313 135.8735 15.231 9.6445 2.209218
Bicycle 459.8313 135.3735 11.0 16.0 0.0
Bicycle 499.3313 110.3735 8.0 18.0 0.0
Bicycle 506.8313 108.8735 9.0 17.0 0.272839
Bicycle 518.3313 116.3735 10.0 26.0 0.0
Bicycle 529.3313 112.3735 10.0 22.0 0.0
Bicycle 538.8313 113.8735 7.0 21.0 0.13864
Bicycle 549.2651 137.3677 10.8158 18.4283 2.816688
Bicycle 539.8313 137.8735 9.0 17.0 0.0
Bicycle 531.3313 134.8735 8.0 15.0 0.0
Bicycle 530.6646 149.1943 8.855 14.0107 2.739555
