Person 100.3313 307.8735 14.0 23.0 0.0
Person 129.3313 317.8735 12.0 17.0 0.0
Person 520.3313 244.8735 10.0 21.0 0.0
Person 494.8313 25.3735 9.0 18.0 0.0
Person 547.8313 16.8735 9.0 13.0 0.0
Person 503.0011 7.6867 12.6605 15.3735 0.0
Person 558.8313 15.3735 13.0 16.0 0.0
Person 572.8313 20.8735 9.0 11.0 0.0
Person 568.3313 29.3735 12.0 16.0 0.0
Person 587.8313 21.8735 9.0 21.0 0.0
Person 605.3313 14.8735 10.0 23.0 0.0
Person 621.8313 366.8735 9.0 17.0 0.0
Person 627.8313 362.8735 9.0 11.0 0.0
Person 636.1657 364.4256 7.6687 16.1042 0.0
Person 608.8313 399.8735 9.0 19.0 0.0
