Person 214.8313 464.8735 11.6817 24.1979 2.805954
Person 322.3313 479.3735 14.0 20.0 0.0
Person 531.8313 340.3735 11.0 16.0 0.0
Car 435.1328 180.0898 38.0383 82.2077 0.45107
Bicycle 125.8313 62.3735 29.0 12.0 3.01842
Bicycle 125.3313 88.8735 24.0 11.0 3.070601
Bicycle 135.8313 134.8735 33.0 13.0 0.0
Bicycle 139.3313 153.3735 32.0 12.0 0.0
Bicycle 147.8313 180.8735 33.0 17.0 3.023074
Bicycle 155.5178 198.6389 30.8004 15.3655 2.965242
Bicycle 124.2204 208.524 17.7075 27.4585 2.952216
Bicycle 83.6292 215.417 15.2631 30.4748 2.577225
Bicycle 55.4265 218.7361 13.9899 31.2822 2.962403
Bicycle 144.3313 241.8735 34.4727 20.8958 2.883585
Bicycle 148.4644 268.0884 35.7485 18.9351 2.883585
Bicycle 153.0318 286.0236 34.9395 18.5691 2.874776
Bicycle 158.1417 304.072 36.0006 16.4885 2.874776
Bicycle 158.0195 316.9471 29.5262 16.4584 2.898052
Bicycle 160.5843 346.7656 33.2814 19.4036 2.970586
Bicycle 163.1481 360.1774 34.7564 16.3728 3.029773
Bicycle 12.1657 295.0712 24.3313 23.3955 0.0
Bicycle 12.6657 319.8173 25.3313 16.8876 0.0
Bicycle 19.2104 333.542 31.9933 18.3195 3.001218
Bicycle 20.8313 347.3735 33.0 12.0 0.0
Bicycle 22.8313 359.3735 35.0 14.0 0.0
Bicycle 25.8313 372.8735 35.0 11.0 0.0
Bicycle 22.8313 387.8735 37.0 13.0 0.0
