Car 379.4589 322.5821 21.2535 43.0295 0.589486
Car 298.8313 427.3735 25.9533 46.2107 0.502468
Bicycle 226.7213 497.8277 9.8324 17.5473 0.475981
OtherVehicle 137.787 208.6262 19.9996 35.2483 0.289912
Bicycle 92.3313 386.8735 22.0 9.0 0.0
Bicycle 92.8313 396.8735 21.0 11.0 0.0
Bicycle 101.6179 416.3623 20.4818 10.0677 3.045955
Bicycle 105.8313 423.8735 19.0 9.0 0.0
Bicycle 108.8313 435.3735 17.0 12.0 0.0
Bicycle 114.8313 445.3735 19.0 12.0 0.0
Bicycle 107.1074 464.0918 25.4584 15.3127 2.892482
Bicycle 111.8046 472.5823 25.8596 11.5014 2.941245
Bicycle 114.1775 482.1427 22.5538 14.4308 2.892883
Bicycle 118.0271 493.5415 23.2612 14.1614 3.037344
Bicycle 121.2705 507.1867 21.8784 9.6265 0.0
Bicycle 47.5899 454.6293 11.052 21.9288 2.735174
Bicycle 68.2507 453.4324 8.5949 21.5997 2.497837
Bicycle 15.7554 488.6549 23.4549 15.5517 3.006786
Bicycle 19.3313 500.8735 20.0 9.0 0.0
Bicycle 25.9578 507.1867 19.253 9.6265 0.0
