Car 322.7283 309.9265 27.2774 43.4298 3.085371
Car 401.6111 308.1929 25.5786 33.852 3.085371
Car 495.1111 311.1929 24.6926 31.799 3.085371
Car 535.4099 308.4357 25.6173 30.4591 2.952444
Car 468.4099 351.4357 25.6173 30.4591 2.989128
Car 527.6284 347.0981 28.5647 40.3905 2.959521
Car 457.191 484.6806 29.3823 54.0295 3.121313
Car 354.191 480.6806 29.3823 54.0295 0.088282
Bicycle 297.9638 202.5454 9.633 20.0977 2.933127
Bicycle 282.8313 214.3735 9.0 20.0 0.217459
Bicycle 288.4755 229.9502 8.5794 21.4973 0.218669
Bicycle 291.3313 210.3735 8.0 18.0 0.0
Bicycle 297.8313 224.8735 9.0 21.0 0.083141
Bicycle 310.8252 219.218 8.5613 17.3444 2.862211
Bicycle 332.7226 218.3148 10.7692 24.1158 2.746729
Bicycle 347.3313 220.8735 11.988 26.4819 2.647651
Bicycle 473.2796 226.9511 16.2362 16.8709 3.010765
Bicycle 491.8313 222.8735 13.0 29.0 0.0
Bicycle 533.8313 192.8735 9.0 21.0 0.0
Bicycle 518.6047 214.8617 10.5654 20.7668 2.996693
Bicycle 543.2349 194.9563 10.0868 20.9104 0.267857
Bicycle 567.3313 188.8735 12.0 23.0 0.0
Bicycle 554.8313 206.8735 11.0 17.0 0.0
Bicycle 580.3313 196.3735 10.0 22.0 0.0
Bicycle 569.1687 243.1055 9.7801 20.7587 2.511686
Bicycle 570.4946 226.2654 10.1532 18.934 2.667821
Bicycle 579.7476 229.5443 9.004 20.103 2.921966
Bicycle 589.3817 229.0075 9.6851 23.0655 2.730194
