Car 218.0833 492.5278 38.9444 38.9444 0.0
Car 275.0171 483.5278 50.812 56.9444 0.0
Car 332.8114 490.0278 40.4005 43.9444 0.0
Car 392.6534 480.0278 40.0846 63.9444 0.0
Car 466.1111 473.5278 41.0 74.9444 0.0
Car 592.1111 478.0556 41.0 64.0 0.0
Bicycle 630.1111 215.0556 11.0 30.0 0.0
Bicycle 607.6111 231.0556 12.0 26.0 0.0
Bicycle 437.6918 234.8561 27.9073 17.7933 2.440221
Bicycle 580.1111 182.0556 11.0 26.0 0.0
Bicycle 625.836 238.6824 9.5923 26.8441 2.729059
Bicycle 468.1111 248.0556 15.0 28.0 0.0
Bicycle 293.6111 260.5556 18.0 25.0 0.0
Bicycle 275.6343 267.7675 12.7653 29.5016 2.342497
Bicycle 257.8572 270.865 11.0227 29.0172 2.739122
Bicycle 220.6111 229.0556 12.0 30.0 2.990375
Bicycle 249.1111 276.5556 11.0 31.0 2.780315
Bicycle 223.7059 291.1402 12.031 32.1485 0.188008
Bicycle 235.6111 284.0556 12.0 28.0 0.0
Bicycle 209.6111 270.0556 12.0 32.0 0.01
Bicycle 616.8574 268.7777 14.3947 29.2974 2.878963
Bicycle 612.6111 178.0556 14.0 34.0 0.0
Bicycle 592.1111 179.0556 11.0 30.0 0.0
Bicycle 558.6111 260.5556 14.0 33.0 2.773815
Bicycle 483.3618 247.8131 12.6882 27.8314 0.345967
Bicycle 496.6111 256.0556 12.0 36.0 0.0
Bicycle 517.1111 268.0556 13.0 34.0 2.872771
Bicycle 557.1111 231.0556 13.0 34.0 2.782544
Bicycle 543.1111 232.5556 13.0 35.0 0.0
Bicycle 627.1111 171.5556 11.0 27.0 0.0
Bicycle 523.8532 241.6194 15.0 21.0 0.0
