Car 168.9444 295.5556 20.0 37.0 0.0
Car 416.2447 333.0598 21.9524 27.8958 0.372556
Car 444.161 339.0066 20.084 44.1445 0.177596
Car 490.9399 350.5864 18.7522 29.204 0.19314
Car 622.4444 195.0556 19.0 30.0 0.178687
Car 554.4356 183.7237 22.4714 33.1138 0.27146
Car 411.7127 161.605 21.7092 29.509 0.691095
Car 467.3423 107.9597 19.4662 22.4995 0.297365
Car 518.3972 158.5949 20.9302 25.6912 0.273659
Car 577.0748 120.3228 19.52 25.0 0.283794
Car 622.9444 121.0556 16.0 28.0 0.0
Car 630.4722 100.3944 19.0556 26.6778 0.0
Car 513.4444 107.5556 15.0 29.0 0.0
Car 154.3532 117.1194 20.0 18.0 0.0
Car 160.8532 165.6194 19.0 21.0 0.0
Car 598.8532 102.1194 13.0 22.0 0.458848
Car 572.3532 97.1194 18.0 20.0 0.204741
Bicycle 587.3532 41.6194 12.0 21.0 3.02319
Bicycle 578.3532 49.6194 10.0 15.0 0.0
