Car 50.1667 236.5556 36.0 81.0 0.0
Car 151.9144 228.7534 39.4683 84.8577 2.99885
Car 295.0068 226.6921 36.875 85.4552 3.028048
Car 386.9542 208.1894 39.4399 88.3207 3.037243
Car 437.3132 209.7387 38.2053 85.317 3.076102
Car 485.3001 205.9424 36.2009 63.7053 3.052373
Car 576.0481 196.9304 43.3061 77.9321 3.022797
Car 206.1667 135.5556 38.0 79.0 3.070789
Car 259.0798 125.2182 39.7114 88.0067 3.043091
Car 319.9081 132.0418 35.4968 75.734 3.046641
Car 226.0574 444.5829 41.7207 102.97 0.000589
Car 380.6245 119.6067 32.4751 78.8306 3.072009
Car 453.4295 102.7157 34.5173 74.7889 2.989143
Car 579.9371 99.5056 39.2936 65.1182 3.092227
Car 621.5833 185.1584 36.8333 86.2057 0.0
