Car 46.7844 130.1887 29.2965 18.02 2.524211
Car 207.1228 101.5431 33.2738 17.8612 0.572831
Car 184.3956 45.6379 24.5132 15.7207 2.531344
Person 225.4444 35.0556 7.0 14.0 0.0
Person 27.4444 153.5556 7.0 15.0 0.0
Person 230.9444 36.0556 6.0 16.0 0.0
Person 331.4444 272.0556 7.0 18.0 0.0
Person 621.4444 322.5556 7.0 19.0 0.0
Person 614.4444 437.5556 9.0 15.0 0.0
Person 472.4444 332.5556 7.0 19.0 0.0
Car 281.3277 99.2426 18.4071 14.6327 0.826471
Car 254.36 92.5254 22.6349 13.8876 0.501604
Person 624.4444 232.0556 9.0 18.0 0.0
