Car 54.6111 231.0556 36.0 82.0 0.0
Car 212.6111 127.0556 34.0 84.0 3.033712
Car 154.8843 217.8452 40.2242 93.0453 3.007806
Car 264.975 118.6879 42.3345 88.7922 3.020215
Car 325.5954 124.625 40.3041 77.0461 3.036116
Car 385.8447 110.4066 35.3681 84.7372 3.061408
Car 458.5345 93.4326 40.6663 79.5116 2.989534
Car 297.6111 217.5556 40.0 87.0 3.03011
Car 391.0297 200.9184 42.7193 91.5664 3.069967
Car 443.9882 199.7324 35.9054 87.4175 3.1058
Car 488.7895 198.7883 36.6674 61.2893 3.023321
Car 582.6111 97.0556 36.0 54.0 0.0
Car 580.1111 189.5556 39.0 83.0 3.0076
Car 625.8056 179.6389 28.3889 85.1667 0.0
Car 233.6111 435.5556 46.0 101.0 0.0
Car 335.7229 495.0278 42.2236 33.9444 0.0
Car 483.9074 496.0278 42.5926 31.9444 0.0
Car 580.6727 492.0278 42.1232 39.9444 0.0
