Car 92.0133 262.1415 33.5213 93.6672 2.955106
Car 28.3942 285.1517 36.7981 90.0023 2.921686
Car 169.736 232.7246 39.4493 88.0566 2.87504
Car 383.7907 192.2752 37.1654 88.131 3.077289
Car 19.1667 400.0556 38.0 92.0 0.0
Car 112.3684 369.0009 40.9577 102.4044 2.907476
Car 167.5794 363.1821 42.0352 91.7454 2.944651
Car 216.0023 352.3674 37.5885 74.5338 2.900003
Car 311.3145 327.5659 42.2085 87.8001 2.93003
Car 364.2949 312.6595 40.2814 88.5649 2.907275
Car 466.1743 304.4606 42.1862 88.186 2.92717
Car 565.4431 282.0027 42.6756 100.124 2.828406
Car 449.6667 186.5556 41.0 97.0 2.961494
Car 527.6667 170.5556 41.0 97.0 2.961494
Car 307.1667 215.5556 34.0 65.0 2.977715
