Car 274.193 399.3697 22.2888 42.1475 0.139877
Car 310.0957 407.9527 23.5148 46.2282 3.069879
Car 366.4309 410.8584 24.8122 40.8303 0.118664
Car 572.7895 178.3774 20.9952 37.7995 3.000821
Car 516.6667 169.0556 23.0 42.0 0.0
Car 462.6667 168.5556 21.0 43.0 0.0
Car 380.7239 161.91 21.2725 39.4664 0.155924
Car 332.6667 127.5556 21.0 39.0 0.0
Car 626.6667 139.5556 21.0 33.0 0.0
Car 403.1667 30.5556 18.0 31.0 0.0
Car 476.1667 27.0556 18.0 32.0 0.0
Car 187.9286 209.4506 23.8177 45.0037 0.154907
Car 252.5844 56.3721 23.0513 30.2634 0.144338
Car 305.6667 54.5556 19.0 39.0 0.0
Car 544.1667 31.5556 18.0 27.0 0.0
Car 435.6667 29.0556 17.0 28.0 0.0
Car 617.1667 35.5556 18.0 29.0 0.0
Car 564.2402 59.681 20.0117 35.2278 3.028698
Car 584.1667 32.0556 16.0 28.0 0.0
Car 341.572 27.7929 19.7616 34.268 0.128992
Car 369.6667 26.5556 19.0 35.0 0.0
Car 460.6667 61.0556 19.0 38.0 0.0
Car 536.6667 62.5556 21.0 29.0 0.0
Car 486.6667 62.5556 17.0 27.0 0.0
Car 616.7407 67.8021 22.7107 33.7443 2.872977
Car 432.6667 60.5556 19.0 37.0 0.0
Car 382.6667 63.0556 21.0 36.0 0.0
Car 210.2803 147.3605 21.7716 36.0494 0.357681
Car 246.3029 152.2337 21.5332 38.6916 0.127338
