Person 542.6667 11.0556 17.0 18.0 0.0
Bicycle 323.6667 196.0556 13.0 36.0 2.719681
Bicycle 357.0302 174.2272 11.3397 33.4861 2.630362
Bicycle 380.1624 157.177 11.4156 36.2848 2.693515
Bicycle 397.0992 150.3034 10.6403 35.3562 2.571209
Bicycle 413.1771 135.3806 17.452 33.9722 2.456564
Bicycle 524.194 489.22 12.5424 33.9186 2.622254
Bicycle 247.3332 373.0149 42.017 19.9568 2.483686
Bicycle 240.415 353.0087 31.341 13.2328 2.567582
Bicycle 341.6657 335.6701 32.7682 15.2978 2.560693
Bicycle 564.1899 462.6933 13.4386 29.0447 2.629133
Bicycle 219.1667 332.0556 30.7854 9.6052 2.392376
Bicycle 233.1667 336.5556 48.0 15.0 2.301797
DontCare 606.5164 443.2008 57.5316 33.7713 2.684118
Bicycle 413.7315 433.345 30.0456 11.9415 2.507472
Bicycle 425.1389 444.4422 33.3298 9.7357 2.661069
Bicycle 302.1667 451.0556 41.9438 9.8345 2.530777
Bicycle 290.3371 436.2053 34.7408 14.6543 2.398246
