Car 411.6667 183.0556 21.0 38.0 0.0
Car 446.1667 187.5556 20.0 35.0 3.134672
Car 482.6667 185.5556 21.0 35.0 0.0
Car 527.1667 183.5556 20.0 33.0 0.0
Car 601.6667 189.0556 19.0 32.0 0.0
Car 282.1667 218.5556 22.0 33.0 0.0
Car 342.1667 214.5556 20.0 43.0 0.0
Car 380.1667 184.5556 18.0 33.0 0.0
Car 424.1667 223.5556 22.0 37.0 0.0
Car 481.6667 222.0556 21.0 38.0 0.0
Car 511.6667 223.5556 19.0 35.0 0.0
Car 539.6667 225.0556 17.0 32.0 0.0
Car 593.6667 227.5556 23.0 35.0 0.0
Car 625.6667 223.5556 21.0 41.0 0.0
Car 371.6667 301.5556 23.0 43.0 0.0
Car 427.1667 343.5556 20.0 43.0 0.0
Car 515.6667 351.5556 27.0 47.0 0.0
Car 577.6667 354.0556 25.0 48.0 0.0
Car 279.6667 333.0556 21.0 42.0 0.0
Car 237.6845 328.3234 27.5067 48.4181 0.361889
Car 216.6667 404.5556 27.0 55.0 0.0
DontCare 410.6667 90.5556 67.0 35.0 0.0
