Bicycle 287.1667 141.0556 35.4685 13.7834 2.924239
Bicycle 304.4629 170.2292 37.5707 12.6606 2.706689
Bicycle 312.4629 185.2292 37.5707 12.6606 2.706689
Bicycle 281.4629 126.2292 37.5707 12.6606 2.808174
Bicycle 462.9963 200.2473 12.8826 38.9521 2.628629
Bicycle 446.6667 329.5556 12.2374 33.2903 2.628629
Bicycle 457.6667 318.0556 11.9671 29.6949 2.628629
Bicycle 468.6667 308.0556 11.9671 29.6949 2.628629
Bicycle 488.6667 299.5556 17.9061 27.3015 2.628629
Bicycle 507.6667 291.0556 11.9671 29.6949 2.829946
Bicycle 558.6667 266.0556 11.9671 29.6949 2.628629
Bicycle 535.0371 278.6225 19.8298 35.7336 2.628629
