Car 253.1667 233.5556 20.0 35.0 0.0
Car 287.1667 239.0556 20.0 42.0 0.0
Car 339.7391 243.0529 22.0171 35.4979 0.14312
Car 431.6667 35.5556 19.0 35.0 0.0
Car 480.1667 36.5556 20.0 37.0 0.087403
Car 533.1667 42.0556 22.0 34.0 0.0
Car 613.1667 42.5556 22.0 35.0 0.0
Car 357.6241 30.0466 21.0192 33.8732 0.112456
Car 179.1667 65.5556 24.0 33.0 0.0
Car 231.9832 22.1585 21.9656 32.5921 0.117435
Car 199.6268 18.5477 16.7614 31.5481 0.288875
Car 310.1667 8.5556 26.0 17.0 0.0
Car 584.1667 13.0556 16.0 26.0 0.0
