Bicycle 389.3411 241.608 13.6729 37.6244 2.65606
Bicycle 372.489 253.0532 10.4591 31.9015 2.602379
Person 302.6667 236.5556 17.0 13.0 0.0
Bicycle 406.3822 232.352 10.5871 39.1156 2.512796
Bicycle 432.9046 210.3019 12.4859 34.6158 2.682826
Bicycle 447.6708 206.1402 11.5255 40.0275 2.582863
Bicycle 461.8844 183.6899 20.3679 39.1631 2.645072
Bicycle 389.7439 393.3549 37.4282 13.0327 2.429281
Bicycle 265.6808 393.0927 31.3244 14.4017 2.414116
Bicycle 274.5735 402.5975 33.2704 12.8684 2.396988
Bicycle 287.9674 412.9404 34.4464 11.6289 2.486342
Bicycle 296.2976 432.1555 35.7753 19.1439 2.446756
Bicycle 307.6976 449.4494 32.0234 14.7682 2.573306
Bicycle 325.639 473.9715 19.0464 45.3416 0.749442
