Bicycle 188.8368 127.9344 16.4715 37.0018 0.754452
Bicycle 217.8368 15.0278 12.3217 29.6667 0.754452
Bicycle 233.6657 24.415 16.8805 36.0671 0.754452
Bicycle 246.5167 46.7749 19.896 39.7103 0.754452
Bicycle 265.6667 69.0556 13.5054 33.2657 0.96043
Bicycle 288.671 107.1884 9.1661 40.4262 0.754452
Bicycle 279.7655 85.6075 15.0041 31.2116 0.796287
Bicycle 301.3368 116.9344 14.1981 41.8835 0.754452
Bicycle 313.3368 123.9344 15.7429 37.6867 0.864168
Bicycle 194.8578 280.3786 13.8399 33.4736 2.526547
Bicycle 182.5096 293.3858 8.842 32.1246 2.526547
Bicycle 156.5813 313.7754 12.3645 37.6579 2.590854
Bicycle 142.5813 323.7754 14.7264 33.8604 2.590854
