Car 332.1667 311.0556 48.0 20.0 0.0
Car 46.1667 22.5556 54.0 31.0 0.0
Car 125.1667 121.0556 46.0 20.0 0.0
Car 109.1667 162.5556 42.0 19.0 0.0
Car 287.1667 195.0556 50.0 18.0 0.0
Car 283.6667 226.0556 53.0 22.0 0.0
Car 99.6667 223.0556 41.0 20.0 0.0
Car 169.6667 182.5556 45.0 21.0 0.0
Car 151.1667 259.0556 44.0 18.0 0.0
Car 344.6667 134.5556 31.0 17.0 0.0
Car 341.6667 154.5556 37.0 15.0 0.0
Car 337.6667 173.5556 29.0 17.0 0.0
Car 336.1667 194.5556 32.0 15.0 0.0
Car 337.1667 218.0556 32.0 20.0 0.0
Car 338.1667 242.5556 34.0 21.0 0.0
