Car 33.6667 138.5556 57.0 33.0 0.0
Car 117.1667 248.5556 52.0 21.0 0.0
Car 105.6667 295.0556 53.0 24.0 0.0
Car 90.1667 368.5556 46.0 25.0 0.0
Car 142.6667 410.0556 51.0 24.0 0.0
Car 163.6667 318.0556 49.0 20.0 0.0
Car 288.6667 333.0556 55.0 18.0 0.0
Car 286.6667 370.0556 59.0 24.0 0.0
Car 341.1667 470.0556 50.0 24.0 0.0
Car 346.1667 389.0556 36.0 22.0 0.0
Car 348.1667 362.0556 36.0 22.0 0.0
Car 354.1667 264.0556 36.0 16.0 0.0
Car 349.1667 284.5556 38.0 17.0 0.0
Car 349.1667 308.5556 36.0 21.0 0.0
Car 344.1667 334.5556 42.0 17.0 0.0
