Car 332.6667 320.0556 51.0 20.0 0.0
Car 283.1667 233.5556 54.0 23.0 0.0
Car 287.1667 201.5556 52.0 21.0 0.0
Car 44.6667 27.5556 55.0 29.0 0.0
Car 125.6667 126.5556 51.0 21.0 0.0
Car 110.1667 168.0556 50.0 20.0 0.0
Car 97.6667 231.5556 45.0 21.0 0.0
Car 147.1667 265.5556 52.0 19.0 0.0
Car 166.6667 187.0556 47.0 22.0 0.0
Car 339.6667 251.0556 35.0 22.0 0.0
Car 339.1667 227.5556 34.0 19.0 0.0
Car 336.1667 203.5556 36.0 17.0 0.0
Car 348.1667 140.0556 36.0 16.0 0.0
Car 343.6667 159.5556 43.0 17.0 0.0
Car 342.6667 179.5556 33.0 19.0 0.0
