Car 283.1667 246.5556 56.0 23.0 0.0
Car 44.6667 38.0556 53.0 30.0 0.050629
Car 110.6667 180.5556 49.0 21.0 0.0
Car 98.6667 244.5556 45.0 21.0 0.0
Car 146.1667 280.5556 50.0 19.0 0.0
Car 168.1667 199.0556 50.0 22.0 0.0
Car 287.1667 214.5556 52.0 19.0 0.0
Car 334.1667 334.0556 48.0 18.0 0.0
Car 126.6667 138.5556 51.0 21.0 0.0
Car 341.1667 264.5556 36.0 23.0 0.0
Car 342.6667 240.0556 35.0 20.0 0.0
Car 338.1667 216.0556 32.0 18.0 0.0
Car 342.6667 192.5556 33.0 19.0 0.0
Car 343.6667 171.5556 37.0 17.0 0.0
Car 348.6667 152.5556 37.0 19.0 0.0
