Bicycle 517.1667 434.0556 8.0 28.0 0.161191
Bicycle 405.6667 91.5556 23.0 9.0 0.0
Bicycle 412.37 121.79 24.3376 11.6397 3.017238
Bicycle 415.6667 161.0556 25.0 10.0 0.0
Bicycle 447.6667 298.0556 25.0 10.0 3.070789
Bicycle 454.1667 322.0556 24.0 10.0 2.957895
Bicycle 460.1667 338.0556 24.0 12.0 2.834547
Bicycle 466.1667 353.5556 22.0 11.0 2.922924
Bicycle 468.1667 365.5556 26.0 11.0 2.95671
Bicycle 508.1667 429.0556 6.0 28.0 0.31597
Bicycle 445.1667 281.5556 24.0 11.0 0.0
Bicycle 468.6667 377.5556 21.0 11.0 2.967031
Bicycle 446.6667 269.5556 25.0 9.0 0.0
Bicycle 478.1667 417.5556 26.0 9.0 2.70531
Bicycle 498.1667 425.0556 8.0 20.0 0.638635
Bicycle 477.1667 389.0556 26.0 10.0 2.891528
