Bicycle 509.1667 300.0556 8.0 24.0 0.061148
Bicycle 497.1667 297.5556 10.0 27.0 0.354706
Bicycle 438.6667 172.5556 27.0 9.0 0.0
Bicycle 446.8469 195.0677 26.868 10.6834 3.02582
Bicycle 448.6667 212.0556 33.0 12.0 2.695568
Bicycle 457.1667 228.0556 30.0 10.0 2.843094
Bicycle 459.6667 237.5556 33.0 11.0 2.792822
Bicycle 408.6667 5.5556 29.0 11.0 0.0
Bicycle 410.6667 41.5556 25.0 13.0 0.0
Bicycle 436.6667 156.5556 27.0 11.0 0.0
Bicycle 437.1667 144.5556 24.0 9.0 0.0
Bicycle 505.6667 393.0556 21.0 12.0 0.519146
Bicycle 465.6667 289.5556 25.0 11.0 2.64158
Bicycle 505.1667 403.0556 30.0 10.0 0.0
Bicycle 481.6667 294.5556 11.0 25.0 0.673839
Bicycle 460.6667 247.5556 29.0 9.0 2.988211
Bicycle 470.1667 266.5556 22.0 11.0 2.867933
