Bicycle 189.4566 194.4377 6.3887 27.1453 2.786832
Bicycle 177.6667 193.5556 9.0 23.0 2.981736
Bicycle 73.8427 127.8515 10.8176 25.8425 0.736788
Bicycle 87.5716 139.6204 9.5138 28.9388 0.655985
Bicycle 102.4672 151.7593 10.4568 25.8049 0.763662
Bicycle 146.1811 199.8175 8.8665 29.7747 0.484726
Bicycle 55.5573 108.8011 9.653 29.8764 0.883589
Bicycle 42.968 94.9281 8.4905 27.5617 0.870464
Bicycle 36.0298 85.6058 8.4167 23.8493 0.946952
Bicycle 110.2315 157.7908 10.296 30.126 0.789172
Bicycle 457.1316 26.9489 8.7139 24.2848 2.594804
Bicycle 159.3573 200.695 10.0693 33.4255 0.188752
Bicycle 475.7122 19.9375 6.4561 27.3267 2.419358
Bicycle 240.1667 276.0556 30.0 8.0 0.0
Bicycle 237.7124 287.5657 25.8136 9.1688 2.902541
Bicycle 442.1667 39.5556 8.0 27.0 2.424759
