Bicycle 185.1667 144.5556 10.0 23.0 2.745048
Bicycle 173.6667 148.0556 7.0 24.0 3.037068
Bicycle 70.6667 81.5556 13.0 25.0 0.66263
Bicycle 83.8288 93.6341 12.8367 28.3222 0.647633
Bicycle 100.1667 103.0556 10.0 24.0 0.837165
Bicycle 142.0623 153.0728 9.648 28.622 0.450978
Bicycle 156.6667 151.0556 9.0 30.0 0.070142
Bicycle 113.6667 120.5556 11.0 27.0 0.691387
Bicycle 38.2116 47.925 9.6403 27.0161 1.025141
Bicycle 51.6667 63.0556 9.2058 30.6635 1.026582
Bicycle 32.9867 36.6708 9.4572 25.1548 1.015303
Bicycle 233.6667 229.5556 25.0 11.0 0.0
Bicycle 237.1667 239.0556 28.0 8.0 2.791986
