Bicycle 187.4337 370.3226 7.1187 26.7425 2.718739
Bicycle 176.6667 369.5556 9.0 27.0 0.0
Bicycle 144.1667 379.5556 8.0 27.0 0.463995
Bicycle 479.5491 193.3724 26.5401 7.8507 0.710804
Bicycle 238.1667 457.0556 24.0 10.0 0.0
Bicycle 240.6667 468.5556 25.0 7.0 2.77211
Bicycle 460.1667 201.5556 8.0 29.0 2.565194
Bicycle 443.8854 210.9683 5.4918 23.9681 2.627811
Bicycle 32.1667 262.5556 26.0 9.0 2.516892
Bicycle 40.2423 271.6884 23.7709 7.5165 2.539613
Bicycle 53.4982 285.9138 29.6557 8.695 2.536555
Bicycle 71.9842 303.5711 10.0201 26.7656 0.816316
Bicycle 84.2708 317.6045 11.6799 28.3393 0.730457
Bicycle 102.0778 326.7271 9.217 24.2262 0.838496
Bicycle 107.5379 336.6471 8.6661 29.0115 0.830035
Bicycle 115.4551 346.4354 7.6365 27.7708 0.681376
Bicycle 500.4131 175.8541 9.5755 27.3014 2.612746
Bicycle 158.1667 378.0556 10.0 26.0 0.0
Bicycle 166.5248 373.0873 6.4832 21.9717 2.91349
Bicycle 511.1667 166.0556 8.0 28.0 2.437099
Person 362.1667 296.5556 10.0 13.0 0.0
Person 368.1667 305.5556 10.0 15.0 0.0
