Person 519.1667 162.5556 16.0 25.0 0.0
Person 552.1667 310.5556 12.0 31.0 0.0
Person 100.6667 458.5556 19.0 25.0 0.0
Person 172.6667 480.0556 11.0 24.0 2.738374
Person 204.6667 472.5556 13.0 29.0 0.0
Person 215.6667 415.0556 21.0 20.0 0.0
Person 258.7444 502.5278 15.1556 18.9444 0.0
Person 374.7116 503.0278 17.0899 17.9444 0.0
Person 508.1667 222.5556 14.0 17.0 0.0
Person 488.6667 206.0556 15.0 18.0 0.0
Person 559.1667 184.5556 14.0 23.0 0.0
Person 572.1667 202.5556 10.0 25.0 0.0
Person 472.6667 219.5556 17.0 25.0 0.0
