Person 182.6667 152.0556 11.0 24.0 0.0
Person 114.1667 389.0556 14.0 26.0 2.979838
Person 196.6667 171.0556 11.0 22.0 0.0
Person 206.6667 177.5556 9.0 29.0 0.0
Person 175.4163 342.979 10.12 25.7533 3.006318
Person 165.6667 384.0556 9.0 28.0 3.087389
Person 190.1667 391.5556 14.0 27.0 3.031942
Person 202.1667 349.5556 22.0 33.0 0.0
Person 446.1667 134.0556 10.0 24.0 0.0
Person 567.1667 118.5556 10.0 23.0 0.0
Person 462.6667 53.5556 11.0 25.0 0.0
Person 456.6667 73.0556 11.0 24.0 0.0
Person 432.1667 109.0556 8.0 26.0 0.0
Person 371.6667 78.5556 9.0 17.0 2.670903
Person 557.6667 136.0556 9.0 30.0 0.0
