Person 210.6667 123.0556 11.0 30.0 0.0
Person 230.1667 132.0556 14.0 26.0 0.0
Person 243.6667 140.0556 9.0 26.0 0.0
Person 113.1667 361.5556 16.0 15.0 0.0
Person 159.6667 313.5556 9.0 27.0 0.0
Person 163.6667 356.0556 17.0 28.0 0.0
Person 201.1667 363.5556 20.0 23.0 0.0
Person 123.1667 421.0556 10.0 26.0 0.0
Person 151.6667 410.5556 13.0 31.0 0.0
Person 377.1667 478.5556 12.0 21.0 0.0
Person 418.6667 97.5556 9.0 31.0 0.0
Person 451.1667 123.0556 10.0 24.0 0.0
Person 571.1667 135.5556 8.0 21.0 0.0
Person 562.6667 155.0556 11.0 24.0 0.0
Person 271.1667 427.0556 10.0 20.0 0.0
Person 318.1667 390.5556 14.0 25.0 0.0
