Person 166.6667 302.5556 17.0 15.0 0.0
Person 494.6667 8.0556 15.0 16.0 0.0
Person 533.6667 44.5556 19.0 23.0 0.0
Person 489.1667 202.5556 16.0 19.0 0.0
Person 262.1667 389.5556 12.0 19.0 0.0
Person 200.6667 366.5556 17.0 13.0 0.0
Person 168.1667 380.0556 20.0 22.0 0.0
Person 177.1667 361.5556 20.0 21.0 0.0
Person 363.1667 499.0556 16.0 24.0 0.0
Person 203.1667 322.0556 16.0 26.0 0.0
Person 481.6667 101.5556 11.0 23.0 0.0
Person 498.6667 106.0556 15.0 30.0 0.0
Person 568.6667 48.0556 15.0 22.0 0.0
Person 512.1667 106.5556 12.0 21.0 0.0
