Person 406.1667 139.0556 12.0 24.0 0.0
Person 459.1667 195.0556 12.0 28.0 0.0
Person 456.1667 111.5556 10.0 19.0 0.0
Person 476.1667 132.5556 10.0 25.0 0.0
Person 488.6667 214.5556 11.0 25.0 0.0
Person 573.1667 195.0556 10.0 24.0 0.0
Person 561.6667 203.5556 9.0 25.0 0.0
Person 489.1667 185.0556 12.0 24.0 0.0
Person 398.6667 434.0556 11.0 24.0 0.0
Person 250.6667 342.5556 11.0 27.0 0.0
Person 201.6667 358.5556 19.0 21.0 0.0
Person 229.6667 362.5556 17.0 23.0 0.0
Person 265.6667 353.0556 11.0 26.0 0.0
