Person 156.1667 197.5556 10.0 25.0 0.0
Person 177.1667 226.0556 10.0 28.0 0.0
Person 190.1667 230.5556 10.0 21.0 0.0
Person 183.1667 422.0556 16.0 22.0 0.0
Person 182.6667 331.0556 13.0 22.0 0.0
Person 201.6667 405.0556 11.0 26.0 0.0
Person 226.6667 390.0556 13.0 28.0 3.022969
Person 253.1667 369.5556 10.0 27.0 0.0
Person 247.1667 338.0556 18.0 30.0 0.0
Person 435.6667 134.0556 11.0 26.0 0.0
Person 501.1667 96.0556 12.0 20.0 0.0
Person 501.1667 123.0556 10.0 20.0 0.0
Person 594.1667 132.0556 10.0 20.0 0.0
Person 585.6667 149.5556 9.0 27.0 0.0
Person 505.6667 150.5556 11.0 25.0 0.0
Person 339.6667 380.5556 15.0 21.0 0.0
Person 374.6667 480.5556 15.0 21.0 0.0
