Person 159.6667 351.5556 15.0 23.0 0.0
Person 234.6667 381.5556 11.0 29.0 0.0
Person 421.1667 142.0556 10.0 18.0 0.0
Person 473.6667 115.5556 11.0 23.0 0.0
Person 487.6667 138.5556 9.0 21.0 0.0
Person 459.1667 193.0556 12.0 30.0 0.0
Person 492.1667 221.5556 12.0 29.0 0.0
Person 259.6667 329.5556 13.0 27.0 0.0
Person 571.6667 194.0556 11.0 22.0 0.0
Person 561.1667 203.0556 8.0 18.0 0.0
Person 195.1667 356.5556 18.0 29.0 0.0
Person 386.6667 427.5556 11.0 23.0 0.0
Person 268.6667 345.0556 13.0 20.0 0.0
Person 333.1667 381.5556 18.0 23.0 0.0
Person 502.1667 193.0556 12.0 22.0 0.0
