Person 431.9431 127.6382 16.4668 27.9459 2.960793
Person 414.6695 137.7385 17.9074 28.2203 3.090558
Person 361.5033 154.8369 15.4843 29.7529 0.332335
Bicycle 387.2172 211.785 37.9582 26.1333 2.876112
Bicycle 390.1177 238.2729 37.9148 16.9917 0.031247
Bicycle 388.8832 274.7812 25.3586 14.3993 0.031247
Bicycle 392.236 260.7576 23.4109 12.064 0.370524
Bicycle 390.3313 301.8735 26.0 15.0 2.773311
Bicycle 385.9171 286.465 21.7895 12.4995 2.773311
Bicycle 408.3313 316.3735 16.0 26.0 0.0
Bicycle 402.6844 347.8069 29.1921 11.7025 2.860113
Bicycle 407.8313 363.3735 42.5604 21.3918 2.926038
Bicycle 408.5436 382.9251 38.2826 19.5372 2.926038
Bicycle 408.5436 402.4251 28.3002 18.3751 2.926038
Bicycle 400.6578 421.3798 34.2657 13.9099 0.000319
Bicycle 406.9292 436.8965 28.8089 14.9449 0.000319
Bicycle 413.3313 460.3735 43.629 23.1626 0.115073
Bicycle 419.3313 489.3735 32.0 14.0 0.296216
Bicycle 462.5396 378.2861 34.049 18.1634 0.122089
Bicycle 463.976 342.7078 29.4363 16.5576 2.995419
Bicycle 469.8313 415.8735 28.2998 13.6058 2.853357
