Person 304.8313 221.8735 15.0 33.0 0.0
Person 288.3313 313.8735 16.0 33.0 0.0
Person 328.3313 173.3735 14.0 30.0 0.0
Bicycle 365.3313 386.3735 34.0 20.0 0.0
Bicycle 362.4368 335.3489 29.8904 18.7084 0.191255
Bicycle 353.1705 293.3193 30.4607 21.3812 2.749212
Bicycle 363.3313 358.8735 29.8831 19.596 2.874083
Bicycle 357.8313 250.8735 37.7185 25.9869 3.114476
Bicycle 346.3711 226.6133 27.5501 13.7025 0.673716
Bicycle 352.3313 192.8735 28.0 17.0 0.0
Bicycle 337.9766 76.3899 34.0328 24.7095 2.826786
Bicycle 355.5163 173.0809 38.3314 18.8477 0.584098
Bicycle 401.3313 188.8735 32.0 19.0 0.0
Bicycle 424.3313 418.8735 36.3808 23.779 2.964552
Bicycle 456.3313 477.3735 35.1251 25.9659 2.485675
