Person 27.8313 10.5 17.0 21.0 0.0
Person 47.9702 449.3242 13.2946 18.6579 2.820304
Person 277.8313 127.8735 17.0 29.0 2.96624
Person 505.3313 17.3735 14.0 26.0 0.0
Person 269.8313 154.8735 13.0 19.0 0.0
Person 234.3313 185.8735 12.0 29.0 0.0
Person 273.8313 182.3735 17.0 32.0 0.0
Person 339.0875 198.7144 10.387 24.8683 0.129539
Person 285.8313 294.3735 11.0 18.0 0.0
Person 411.8223 305.7296 14.412 19.2109 2.873778
Person 497.3313 115.3735 14.0 22.0 0.0
Person 532.1211 33.7427 10.3853 21.2788 0.266252
Person 551.8313 95.3735 13.0 18.0 0.0
