Person 127.5019 175.544 12.0303 18.5923 2.930499
Person 151.6739 289.6748 11.2097 18.3828 0.082429
Person 169.3313 286.8735 12.0 19.0 0.0
Person 208.6484 269.6629 9.8078 16.4561 3.043913
Person 227.3313 274.3735 10.496 20.2443 0.431441
Person 236.8313 293.8735 9.0 15.0 0.0
Person 255.3313 294.8735 12.0 25.0 0.0
Person 267.8313 319.3735 11.0 18.0 0.0
Person 370.8313 229.8735 11.0 17.0 0.128199
Person 378.4171 221.1677 8.9897 20.4747 2.991566
Person 616.3313 94.8735 10.0 13.0 0.0
Person 365.3313 203.8735 10.0 13.0 0.0
Person 400.8313 240.8735 11.0 15.0 0.0
Person 388.3313 213.8735 8.0 11.0 0.0
