Person 5.8313 33.8735 11.0 31.0 0.0
Person 518.8313 86.8735 11.0 21.0 0.0
Person 509.3313 61.3735 14.0 20.0 0.0
Person 532.8313 102.3735 13.0 22.0 0.168507
Person 495.3313 91.8735 14.0 25.0 0.0
Person 465.5809 96.5313 11.493 28.1171 0.036063
Person 510.8313 174.8735 13.0 23.0 0.0
Person 624.3313 289.8735 16.0 25.0 0.0
Person 328.3313 207.8735 16.0 27.0 0.0
Person 347.3313 257.3735 10.0 22.0 0.181649
Person 269.8313 245.3735 19.0 26.0 0.0
Person 420.3313 367.8735 18.0 23.0 0.0
Person 334.3313 391.8735 18.5808 20.6822 0.18098
