Person 12.8313 159.3735 17.0 22.0 0.0
Person 430.3313 159.3735 12.0 24.0 0.0
Person 415.3313 168.3735 10.0 18.0 0.0
Person 446.8313 184.8735 11.0 25.0 0.0
Person 418.3313 223.8735 10.0 21.0 0.0
Person 461.3313 176.3735 12.0 22.0 0.0
Person 476.3313 207.8735 8.0 17.0 0.0
Person 218.3313 244.8735 16.0 19.0 0.0
Person 270.8313 251.8735 9.0 19.0 0.1887
Person 222.8313 272.8735 11.0 17.0 2.920278
Person 236.4174 284.3442 13.9414 17.8279 0.24346
Person 254.3313 278.8735 10.0 17.0 0.243669
Person 225.3313 294.3735 12.0 20.0 0.0
Person 287.231 283.4599 9.2129 20.149 2.885076
Person 288.8313 308.3735 13.0 20.0 0.0
Person 462.3313 212.8735 10.0 15.0 0.0
Person 248.3956 373.1104 14.856 21.2322 0.903375
Person 329.3313 360.8735 12.0 19.0 0.028361
