Person 202.0968 92.5096 12.6394 29.1418 2.780578
Person 606.4364 222.2267 14.3521 23.3678 0.262761
Person 621.4364 226.7267 13.5729 20.4707 0.262761
Person 634.6657 230.1698 10.6687 15.5927 0.0
Person 630.1657 297.3128 10.9936 13.9936 0.785398
Person 299.6556 376.6978 11.099 19.198 2.944197
Person 328.7718 338.2664 13.0895 17.0283 0.442374
Person 396.934 357.0027 18.3479 24.8236 0.545848
Person 404.3313 405.8735 11.2932 19.4284 0.162557
Person 317.8313 398.8735 17.0 17.0 0.0
Person 353.3313 374.3735 22.0 14.0 0.0
