Person 443.8783 101.446 11.6264 14.4116 0.410683
Person 574.8313 124.8735 15.0 17.0 0.0
Person 564.8313 151.3735 15.0 18.0 0.0
Person 487.8313 182.8735 11.0 19.0 0.0
Person 439.8313 171.3735 15.0 16.0 0.0
Person 596.3313 227.3735 10.0 20.0 0.096474
Person 255.3056 411.0823 15.4959 21.6958 2.444351
Person 263.8313 439.8735 13.0 15.0 0.0
Person 345.457 446.0522 11.7065 19.7408 0.371197
Person 223.8313 464.3735 17.0 16.0 0.0
Person 124.3313 446.3735 16.0 20.0 0.0
Person 201.8313 481.8735 17.0 15.0 0.0
Person 377.8313 504.1867 19.0 13.6265 0.0
