Bicycle 390.8313 84.3735 33.0 20.0 0.0
Bicycle 393.9698 107.2988 35.1122 14.789 3.012597
Bicycle 383.7866 141.3475 35.0131 14.9116 2.929497
Bicycle 389.2171 159.0588 25.7794 14.3784 2.929497
Bicycle 396.1112 181.013 41.2383 23.955 3.109174
Bicycle 401.6256 202.9089 36.6567 14.7693 0.457199
Bicycle 388.8313 236.8735 38.0244 28.3575 2.81713
Bicycle 401.5064 284.9536 40.2241 17.7189 0.297259
Bicycle 405.4714 313.8607 33.997 21.4805 0.013328
Bicycle 402.703 345.1199 38.431 20.7537 0.278112
Bicycle 443.3313 101.3735 32.0 20.0 0.0
Bicycle 457.6572 252.6618 28.5905 18.383 0.376711
Bicycle 463.6377 342.1607 28.796 12.7212 0.493113
Bicycle 450.9266 371.6064 24.2072 16.0191 2.477546
Bicycle 471.895 382.5659 29.8225 15.2316 2.477546
Bicycle 473.5975 397.9058 30.6062 14.9717 0.061425
Bicycle 505.4902 461.0538 23.2851 35.2573 0.683329
