Person 188.3313 156.3735 10.0 24.0 0.0
Person 212.3313 161.3735 10.0 24.0 0.0
Person 224.3313 153.3735 10.0 24.0 0.0
Person 176.3313 196.3735 10.0 24.0 0.0
Person 56.8313 10.6867 17.0 19.3735 0.0
Person 342.8313 203.8735 11.0 19.0 0.0
Person 288.3313 142.3735 12.0 18.0 2.844528
Person 289.8313 239.3735 9.0 16.0 0.0
Person 427.8313 74.3735 9.0 20.0 0.13906
Person 407.8313 58.8735 7.0 15.0 0.0
Person 435.3313 75.8735 8.0 15.0 0.155221
Person 420.8313 68.3735 9.0 8.0 0.0
Person 260.3313 136.3735 8.0 14.0 0.0
