Person 139.3313 234.8735 10.0 21.0 0.0
Person 440.3313 269.3735 11.9736 16.1441 0.737815
Person 231.8313 377.3735 9.0 22.0 0.0
Person 222.9611 372.5193 8.7136 22.2887 2.905549
Person 229.8313 401.8735 11.0 21.0 2.943585
Person 220.3313 415.3735 10.0 22.0 3.135812
Person 279.1029 386.5971 11.4834 16.1496 2.942037
Person 300.8313 411.3735 11.0 20.0 0.0
Person 284.7847 476.6291 13.0634 14.7611 0.244979
Person 301.3313 435.8735 12.0 23.0 0.0
Person 283.0006 502.0315 10.6513 13.228 0.231091
Person 450.7473 290.4985 9.4352 20.1838 2.922924
