Person 239.3313 70.3735 12.0 30.0 3.019256
Person 446.8419 175.6176 8.9637 30.6175 0.128099
Person 470.1185 321.0016 9.985 29.3338 0.054716
Bicycle 478.267 93.9022 28.1005 14.9974 3.005872
Bicycle 477.885 113.5046 22.8782 14.1162 0.016454
Bicycle 481.6313 161.5213 25.0249 15.4407 0.384751
Bicycle 479.6313 193.5213 25.0249 15.4407 3.079359
Bicycle 481.1313 176.5213 23.3473 13.9622 0.384751
Bicycle 482.9971 213.9838 33.4333 20.8992 3.122882
Bicycle 476.2096 238.6111 23.9113 17.9752 2.969993
Bicycle 478.7703 260.0283 27.0286 18.8251 3.136615
Bicycle 481.7703 277.5283 25.0436 15.8152 3.136615
Bicycle 483.5205 299.9056 26.7029 20.2313 0.311799
Bicycle 545.7024 362.657 27.2214 15.4306 2.671715
Bicycle 551.2024 370.157 24.9993 13.1806 2.671715
Bicycle 526.6644 328.3259 23.9957 14.8875 3.098613
Bicycle 524.3717 175.4956 27.0058 12.5732 0.202837
Bicycle 519.8313 310.3735 25.0 14.0 0.0
Bicycle 521.3313 253.8735 18.0 13.0 0.0
