Person 217.5327 191.0511 16.9993 14.4166 2.660705
Person 242.8313 227.3735 12.8507 19.9965 0.182873
Person 362.8313 201.8735 13.0326 20.9798 0.319012
Person 355.8313 227.3735 11.905 21.5237 0.041582
Person 388.3313 244.3735 13.8083 20.1328 0.358896
Person 372.3313 347.3735 12.0 20.0 0.0
Person 404.3313 316.8735 12.0 23.0 0.0
Person 441.3313 432.3735 16.0 18.0 0.0
Person 607.5251 218.9237 12.5947 24.4226 0.270436
Person 603.425 144.2874 17.3492 28.2871 0.120843
Person 570.4043 111.0684 14.0878 20.7087 0.088041
Person 535.3313 91.8735 13.5373 12.874 0.489343
