Person 490.3313 127.8735 13.1056 28.7271 0.236821
Bicycle 444.7677 158.0491 31.7512 17.1876 2.907426
Bicycle 457.0451 235.2525 34.445 17.8709 0.588128
Bicycle 453.5131 250.2733 31.5633 18.9129 0.333379
Bicycle 452.5564 289.1937 35.7283 21.6109 0.293272
Bicycle 446.9534 322.9787 27.281 20.2623 2.962857
Bicycle 451.9534 346.9787 27.281 20.2623 2.962857
Bicycle 453.5302 365.9038 28.7984 18.3518 2.962857
Bicycle 455.2 390.8438 29.7825 20.0845 2.962857
Bicycle 529.031 467.6007 34.2239 23.2988 2.554859
Bicycle 495.9781 335.2075 17.2171 18.0083 0.102018
Bicycle 504.8313 424.3735 17.3662 22.3476 0.102018
Bicycle 497.7895 389.0502 13.6453 14.8202 0.102018
Bicycle 501.3313 252.8735 14.0 25.0 0.0
