Car 302.9169 436.894 126.8923 53.0141 3.110295
Person 442.7217 169.7495 23.3844 26.9464 0.211093
Person 554.3345 252.5691 20.2208 25.0252 0.52204
Person 600.3805 291.6929 19.6205 19.5056 0.937016
Bicycle 266.3634 170.8049 19.5339 47.0125 3.043054
Bicycle 289.4175 168.1055 16.6797 39.155 3.005778
Bicycle 319.4175 168.6055 17.0859 36.1826 3.005778
Bicycle 353.4175 172.6055 17.0859 36.1826 3.005778
Bicycle 386.9175 172.1055 13.8921 22.6253 3.005778
Bicycle 405.3313 169.8735 10.0 19.0 0.0
Bicycle 479.1441 162.5575 12.3271 28.6138 3.048898
Bicycle 493.6766 160.8032 13.3934 29.1021 0.002879
