Person 13.3313 31.8735 18.0 13.0 0.0
Person 614.0887 10.1166 15.4915 17.6805 0.055584
Person 623.8313 34.8735 23.0 17.0 0.0
Person 499.8313 183.8735 23.0 13.0 0.0
Person 353.3313 239.3735 21.1632 13.8607 2.883498
Person 419.3313 260.3735 12.0 18.0 0.0
Person 385.8313 256.8735 15.0 11.0 0.0
Person 419.8313 278.8735 13.0 17.0 0.0
Person 335.8313 287.8735 15.0 17.0 0.0
Person 346.8595 310.3159 12.8137 17.016 0.741947
Person 493.3313 332.8735 14.0625 18.3098 0.607802
Person 489.3313 392.3735 24.0 16.0 0.0
Person 475.0842 364.0747 22.1976 20.4636 2.934096
