Person 546.2099 101.0038 13.3299 26.9118 0.111554
Person 555.5761 116.2762 14.1907 27.2158 0.300117
Person 585.5761 128.7762 17.125 23.1674 0.300117
Person 548.9841 165.2299 11.1802 24.6166 0.175451
Person 573.8313 207.8735 11.0 17.0 0.0
Person 404.3313 315.8735 12.0 17.0 0.0
Person 448.4983 358.3504 15.7812 20.3163 0.132888
Person 470.3456 370.3494 15.2526 17.8155 0.512456
Person 394.8313 353.3735 13.0 24.0 0.0
Person 432.3313 379.8735 12.0 17.0 0.0
Person 343.435 361.1502 23.8055 22.3765 0.363624
Person 363.8313 387.8735 13.0 23.0 0.0
Person 352.4377 404.6064 16.224 29.5917 0.389044
Person 436.2037 431.8526 15.2374 22.7416 0.434244
