Car 129.3313 229.3735 41.2564 83.5099 0.198258
Car 346.9156 177.2258 38.1574 73.6568 0.224138
Car 473.2665 190.7276 38.4313 70.5915 0.140998
Car 549.7613 198.8853 39.0787 68.7483 0.19336
Car 615.9105 204.7878 39.1641 71.5088 0.05677
Car 362.7649 251.8839 34.2811 54.0384 0.092681
Car 460.7649 261.8839 35.2066 63.9955 0.092681
Car 515.2649 270.8839 39.1192 73.6749 0.092681
Car 559.0412 281.9417 36.2252 57.8657 0.028182
Car 244.3313 428.8735 42.3395 96.4384 0.203265
Car 494.8724 464.6867 38.8661 90.3522 0.063199
Car 548.3313 468.6867 44.0 84.6265 0.0
Car 330.8313 498.1867 47.0 25.6265 0.0
