Car 140.3313 253.3735 26.0 46.0 0.0
Car 277.8313 224.3735 27.0 34.0 0.0
Car 361.8313 221.3735 27.0 34.0 0.0
Car 410.3313 223.8735 26.0 33.0 0.0
Car 453.0197 224.0834 29.1109 35.7533 3.038884
Car 495.9769 221.65 26.9732 36.785 3.093546
Car 541.8762 222.6802 24.3844 33.0885 0.101387
Car 585.4588 222.7909 25.5365 35.3168 3.135677
Car 629.1657 226.3735 19.6687 32.0 0.0
Car 293.8313 251.3735 27.0 30.0 0.0
Car 360.3313 251.8735 26.0 33.0 0.0
Car 395.0312 249.1134 23.5019 27.4981 3.100937
Car 423.5312 255.1134 24.5011 27.5388 3.100937
Car 484.5312 255.6134 28.3759 30.6989 3.100937
Car 235.8313 334.3735 29.0086 45.6892 0.08552
Car 397.2222 337.2346 28.2246 41.3108 3.041318
Car 432.6953 340.3555 29.2607 39.6041 3.089796
Car 571.9152 339.6203 31.2314 44.9392 3.053733
Car 294.0843 371.5582 30.82 45.2096 0.107815
Car 396.7515 379.6878 30.1726 45.5116 0.064853
Car 536.5089 380.0266 28.9821 42.2708 3.126834
Car 573.8377 383.5223 31.6239 41.2216 0.015356
Car 633.1657 389.8735 11.6687 41.0 0.0
