Car 12.8313 73.3735 21.0 28.0 3.097423
Car 32.5274 94.1121 22.5021 25.5412 3.097423
Car 88.5274 67.1121 22.5021 25.5412 3.097423
Car 133.0274 65.6121 23.3687 28.5824 3.097423
Car 170.6563 65.0906 24.3304 27.9046 2.943334
Car 208.6563 59.0906 24.3304 27.9046 3.059735
Car 250.0202 58.2685 22.9242 26.3734 0.084298
Car 287.6815 56.441 24.1854 29.3077 3.027775
Car 326.6815 55.441 24.1854 29.3077 3.027775
Car 357.9522 51.6474 25.0736 27.8852 2.912161
Car 433.9189 44.0336 21.231 26.0746 2.994433
Car 556.8255 59.2322 26.7163 33.1918 2.854912
Car 370.8255 77.2322 25.5852 37.0286 2.854912
Car 202.8236 89.1566 26.4833 32.9758 2.922568
Car 148.3236 91.6566 24.6413 27.4434 2.922568
Car 121.8548 90.9816 23.3786 29.9547 3.015761
Car 89.9386 93.9282 22.8075 33.8096 2.95148
Car 42.3313 188.8735 25.6792 38.6469 0.06134
Car 130.696 155.6089 25.1778 32.5285 3.011052
Car 162.696 156.6089 25.1778 32.5285 3.011052
Car 133.068 188.447 25.3786 36.2727 3.051871
Car 256.9664 180.2651 23.1711 35.9359 3.115189
Car 282.7599 148.0946 26.7577 36.2802 2.951105
Car 288.2931 180.6077 27.5023 41.3639 3.077971
Car 346.9647 178.7767 25.6518 37.2356 2.935355
Car 426.5188 140.6503 25.6538 32.8901 2.935355
Car 457.2097 133.9217 22.018 33.5231 3.075525
Car 517.7398 132.0393 21.5672 29.669 3.013406
Car 545.6232 133.181 25.7846 37.0817 2.916316
Car 494.6266 170.5425 26.1597 41.6217 3.057937
