Person 103.2301 88.9931 12.0369 19.5477 3.030596
Person 457.2816 30.9264 13.8974 17.1534 0.136311
Person 570.3313 34.3735 14.0 22.0 0.0
Person 540.8313 48.3735 12.1472 15.5385 0.375563
Person 552.7613 85.1634 15.4971 20.9696 0.2783
Person 579.8553 156.9458 11.346 18.8321 0.496969
Person 508.6935 212.9386 17.8314 11.6607 0.526066
Person 390.8313 259.8735 11.0 17.0 0.0
Person 459.3313 323.8735 12.0 17.0 0.0
Person 384.3313 317.8735 15.3902 17.8925 0.075329
Person 349.9457 341.9678 19.6067 31.1597 0.193358
Person 449.9388 391.4876 16.1111 19.3611 0.478352
Person 434.4557 361.925 16.261 18.9343 0.639361
