Car 24.4322 168.1848 27.646 21.8705 0.57091
Car 9.1657 177.8735 18.3313 17.0 0.0
Person 28.8313 140.3735 11.0 12.0 0.0
Person 155.3313 274.8735 10.0 17.0 0.0
Person 449.3313 251.3735 10.0 14.0 0.0
Person 443.3313 270.8735 8.0 17.0 0.170675
Person 470.3313 264.3735 8.0 16.0 0.0
Person 465.3313 279.8735 10.0 11.0 0.0
Person 452.3313 289.8735 10.0 15.0 0.0
Person 630.3736 151.7451 13.5349 16.9099 0.199488
Person 364.8313 338.3735 11.0 18.0 0.0
Person 339.8313 347.8735 11.0 17.0 0.0
Person 425.3313 387.8735 8.0 17.0 0.0
Person 396.8313 356.8735 9.0 15.0 0.0
Person 370.8313 377.3735 13.0 16.0 0.0
