Car 208.8454 187.2455 37.9648 71.9575 0.043076
Car 334.8454 190.2455 37.9648 71.9575 0.043076
Car 410.7586 198.5373 35.1309 64.7674 0.090326
Car 476.7367 202.2296 39.0027 66.175 3.138695
Car 540.7367 204.2296 39.0027 66.175 3.138695
Car 612.2909 202.6391 36.341 64.3799 0.122225
Car 8.1657 252.3735 16.3313 78.0 0.0
Car 230.1172 260.8398 37.1029 50.9598 0.049351
Car 326.0788 261.6442 37.0378 50.5666 3.112258
Car 381.0788 264.6442 37.0378 50.5666 0.064078
Car 425.0788 276.6442 37.0378 50.5666 3.136861
Car 518.8859 276.9111 38.5737 67.108 3.136861
Bicycle 626.7843 60.1618 15.5233 29.6683 0.271288
Bicycle 599.3313 43.8735 14.0 17.0 0.0
Bicycle 601.8313 32.3735 19.0 14.0 0.0
Car 124.6754 441.4673 44.6157 93.3341 0.111094
Car 371.8424 462.2449 42.438 87.0508 3.111683
Car 426.3313 462.8735 45.6761 88.1515 0.018923
Car 215.8313 503.0 41.0 16.0 0.0
