Person 151.5966 146.1015 10.7527 15.3253 2.780886
Person 519.6232 39.6142 14.315 14.6288 2.910502
Person 469.8313 85.3735 13.923 17.6395 0.339293
Person 541.1304 67.6389 11.597 23.9136 0.711847
Person 502.8313 99.3735 15.0 16.0 0.0
Person 572.8313 103.3735 15.0 18.0 0.0
Person 568.3313 117.3735 20.0 14.0 0.0
Person 584.3313 205.8735 12.0 17.0 0.0
Person 503.8313 256.3735 13.0 14.0 0.0
Person 393.3313 345.8735 10.0 17.0 2.859355
Person 463.3313 381.3735 12.0 18.0 0.0
Person 352.8313 385.3735 11.0 18.0 0.441814
Person 343.4992 411.2743 20.0834 16.9992 0.480093
Person 281.3313 395.8735 14.0 23.0 0.0
