Person 547.8313 26.3735 11.0 18.0 0.084902
Person 518.3313 49.8735 10.0 21.0 0.206583
Person 603.641 40.9074 16.0138 24.8219 0.109019
Person 565.3313 44.8735 12.0 21.0 0.266592
Person 543.8313 90.3735 11.0 14.0 0.0
Person 560.0713 106.9668 13.9246 21.5778 0.175592
Person 387.8313 190.3735 11.0 16.0 0.0
Person 393.3313 212.8735 14.0 19.0 0.0
Person 340.8823 224.6589 11.389 18.3417 0.219006
Person 384.3313 260.8735 16.0 25.0 0.0
Person 361.7624 262.4211 12.0796 24.0019 0.197396
Person 428.0332 308.7961 11.6669 24.6578 0.346621
Person 422.8313 260.3735 9.0 18.0 0.0
