Person 93.6553 239.6617 10.1248 18.6962 3.064146
Person 533.8313 116.3735 15.0 14.0 0.0
Person 512.8313 152.3735 13.0 14.0 0.0
Person 583.8313 166.8735 19.0 19.0 0.0
Person 570.8313 190.3735 9.9244 21.0358 0.685556
Person 518.0505 201.2041 12.3771 19.9266 2.979061
Person 591.3313 286.3735 14.0 20.0 0.0
Person 508.7016 311.8308 11.7638 17.1863 0.519146
Person 546.8313 206.3735 13.0 12.0 0.0
Person 345.3313 387.8735 18.0 19.0 0.0
Person 377.3313 442.8735 16.0 23.0 0.0
Person 391.8313 436.3735 15.0 18.0 0.0
Person 466.8313 458.3735 13.0 18.0 0.0
Person 374.8313 484.3735 15.0 18.0 0.0
Person 349.8313 495.3735 13.0 20.0 0.0
