Person 137.9846 41.4172 11.1641 23.9788 2.907849
Person 512.3463 57.5301 12.4693 20.3543 0.186653
Person 472.9975 97.6437 11.0425 24.7658 3.073516
Person 547.8313 48.8735 11.0 15.0 0.337308
Person 585.3313 37.8735 12.0 19.0 3.080886
Person 588.8313 52.8735 13.0 17.0 0.0
Person 569.3359 63.5701 12.6102 20.799 0.584271
Person 564.8767 118.1002 10.2487 21.3208 0.317056
Person 362.3313 216.3735 16.0 18.0 0.0
Person 356.3313 243.3735 10.0 20.0 0.160763
Person 378.3313 271.3735 8.0 24.0 0.0
Person 346.3313 268.3735 10.0 24.0 0.0
Person 361.8313 286.3735 17.0 24.0 0.0
Person 440.3313 287.8735 14.0 23.0 0.0
Person 429.3063 331.2035 14.7203 20.3066 0.383618
Person 427.3313 283.3735 12.0 20.0 0.135528
Person 565.3313 319.3735 14.7416 7.3949 0.709935
