Person 80.318 126.9317 11.8184 21.1555 2.96741
Person 521.3313 46.3735 12.0 22.0 0.0
Person 565.5892 51.415 9.5031 19.6813 0.159913
Person 461.3313 80.8735 14.9676 23.1726 0.237535
Person 512.9336 88.0867 13.3559 21.1595 0.116961
Person 552.3313 88.3735 14.0 18.0 0.0
Person 567.2485 159.8712 8.8935 21.466 0.356999
Person 374.3313 242.8735 10.0 23.0 0.0
Person 342.3313 255.8735 12.0 15.0 0.0
Person 319.3313 247.8735 12.0 19.0 0.0
Person 375.8313 277.8735 13.0 17.0 0.0
Person 447.0541 305.7056 12.9451 24.3308 0.196462
Person 430.7317 323.6632 10.7668 18.5973 0.082422
Person 332.8313 322.8735 11.0 25.0 0.160833
Person 285.8313 318.3735 13.0 16.0 0.0
Person 510.661 364.6424 12.5701 18.6916 0.064427
Person 431.8613 377.0786 16.7861 20.5986 0.358025
