Car 13.6657 104.3398 24.0224 13.1985 0.577902
Car 24.8018 94.8977 34.8385 14.4215 0.577902
Car 41.4834 83.913 34.7035 20.0765 0.532783
Car 59.9834 73.913 33.5331 16.123 0.532783
Car 72.3313 65.3735 27.6286 16.2684 0.469742
Car 92.672 60.2926 33.5131 19.437 0.469742
Car 101.8313 47.8735 29.7433 15.1439 0.320574
Car 121.7684 39.5774 31.7769 14.3735 0.436476
Car 131.3313 29.3735 35.7053 18.0315 0.467647
Car 145.6333 19.309 35.4252 15.8859 0.314997
Person 347.3313 138.8735 10.0 13.0 0.0
Person 325.3313 137.3735 8.0 18.0 0.0
Person 296.3313 148.8735 10.0 17.0 0.0
Person 309.8313 157.3735 11.0 16.0 0.0
Person 168.8313 194.3735 11.0 18.0 0.0
Person 187.3313 211.3735 10.0 16.0 0.0
Person 215.781 231.8954 8.9181 19.0429 3.131978
Person 144.8313 220.3735 9.0 18.0 0.0
Person 162.3313 230.3735 10.0 20.0 3.017238
Person 184.3313 238.8735 10.0 19.0 0.0
Bicycle 387.6751 462.5144 9.9964 17.8507 0.378746
