Bicycle 551.8313 365.8735 21.5409 28.1779 0.212536
Bicycle 270.9931 283.1855 20.0719 15.4495 3.094569
Bicycle 277.9123 297.0395 26.6664 15.8918 2.950466
Bicycle 292.9123 317.0395 26.6664 15.8918 2.848016
Bicycle 303.5908 329.8327 24.8348 12.8167 2.848016
Bicycle 312.2419 365.5011 30.5773 15.3708 2.7268
Bicycle 317.8857 378.0218 23.8627 12.418 2.687918
Bicycle 324.8857 387.0218 32.8066 12.3288 2.599183
Bicycle 333.493 400.2915 32.536 15.1309 2.599183
Bicycle 343.1337 411.8397 30.8786 16.6066 2.657601
Bicycle 346.9677 422.5239 26.4074 15.802 2.657601
Bicycle 358.6196 444.3702 29.6306 16.5901 2.808997
Bicycle 364.6196 456.3702 28.3932 14.0467 2.808997
Bicycle 258.8313 504.6867 29.0 12.6265 0.0
Bicycle 255.6196 493.3702 28.3932 14.0467 2.808997
Bicycle 247.4267 484.7775 33.2194 10.9679 2.735745
Bicycle 244.1544 474.9676 28.2279 12.153 2.892261
Bicycle 236.804 463.9418 29.7418 15.9759 2.59329
Bicycle 224.6404 456.1248 26.9005 12.3259 2.59329
Bicycle 212.8527 435.3843 29.4556 19.5313 2.59329
Bicycle 192.3313 467.3735 27.6795 15.2921 2.315104
Bicycle 177.9355 447.4787 28.6725 16.0119 2.686813
Bicycle 165.3313 422.3735 30.2019 16.1198 2.534215
Bicycle 282.684 342.1925 13.8505 27.028 2.691259
Bicycle 252.1651 358.2103 13.4131 29.0953 2.381252
Bicycle 228.9572 364.8345 13.384 28.2368 2.670155
Bicycle 168.7056 389.5148 13.7505 30.226 2.490793
Bicycle 128.8101 404.9165 12.5633 29.9695 1.956448
Bicycle 102.3313 415.8735 11.5848 28.8235 2.532034
Bicycle 94.8313 449.3735 23.0 10.0 2.780207
Bicycle 106.3188 475.068 29.0333 13.7654 2.780207
Bicycle 112.4906 488.9466 30.5004 17.9436 2.921557
Bicycle 115.0823 503.1986 34.0162 12.9901 0.039104
Car 528.8242 259.7816 32.5602 66.7532 0.08155
Car 560.8313 48.8735 34.0925 62.8625 0.139805
