Car 360.8313 159.3735 37.0 72.0 0.0
Person 124.4478 164.6408 12.5428 23.4956 2.998414
Bicycle 85.3313 218.3735 24.3797 14.6161 2.79659
Bicycle 95.3313 232.3735 30.6437 15.2631 2.79659
Bicycle 114.3234 255.767 31.7735 17.2603 2.732938
Bicycle 128.3313 266.8735 29.0778 14.2647 2.530519
Bicycle 139.8313 310.3735 33.7467 16.3144 2.530519
Bicycle 148.2108 322.2014 28.504 14.6637 2.530519
Bicycle 156.8313 331.8735 34.3204 15.4954 2.530519
Bicycle 168.8313 346.3735 37.6797 14.1858 2.530519
Bicycle 180.8313 358.3735 34.8942 14.6764 2.530519
Bicycle 184.3313 369.8735 28.4209 18.6884 2.530519
Bicycle 199.8313 394.8735 34.811 18.281 2.530519
Bicycle 209.5206 405.9336 31.6223 13.1088 2.530519
Bicycle 106.1723 286.8406 15.2111 27.1392 2.684826
Bicycle 72.5319 306.6263 15.2921 32.557 2.306306
Bicycle 50.198 318.9115 11.6413 33.1859 2.545398
Bicycle 99.4738 475.9094 35.7849 17.473 2.760962
Bicycle 96.4738 463.9094 33.5572 12.2733 2.760962
Bicycle 86.0747 455.0071 37.2326 12.2397 2.637486
Bicycle 81.9732 444.5517 31.2078 15.0267 2.756742
Bicycle 71.2459 432.032 32.4204 16.6526 2.482683
Bicycle 59.3313 423.8735 29.5869 14.0575 2.482683
Bicycle 24.3313 444.8735 31.1613 15.2962 1.961024
Bicycle 40.6931 401.801 35.2513 24.7416 2.482683
Bicycle 10.6657 422.3735 21.3313 18.0 0.0
