Person 373.3313 42.3735 12.0 16.0 0.543832
Person 411.8313 82.8735 15.0 13.0 0.0
Person 357.3313 94.3735 10.0 14.0 0.0
Person 369.8313 116.3735 11.0 12.0 0.0
Person 362.3313 243.8735 14.0 11.0 0.0
Person 333.3313 270.8735 14.0 11.0 0.0
Person 408.7251 330.572 11.0478 17.6162 3.039386
Person 335.3313 327.8735 14.0 13.0 0.0
Person 353.6141 371.1384 12.0935 15.7647 0.416192
Person 322.9363 368.9135 15.5974 12.5567 2.816647
Person 385.8255 393.577 12.1371 18.0134 0.717452
Person 313.2486 415.0431 18.6301 12.577 0.833637
