Person 608.9894 388.8664 10.8621 15.6615 2.88245
Bicycle 388.2265 399.415 32.1871 17.082 2.541396
Car 518.5359 196.6017 32.6017 61.1243 0.080342
Car 547.9514 12.1867 31.2402 24.3735 0.0
Bicycle 266.9057 217.781 21.1981 12.5371 2.989686
Bicycle 272.4057 231.281 26.2919 12.3052 2.989686
Bicycle 288.3965 252.2136 25.3787 16.6157 2.791087
Bicycle 297.9786 262.0708 27.2571 14.8688 2.791087
Bicycle 304.8313 297.8735 31.4492 15.3931 2.65785
Bicycle 309.8313 307.8735 22.5966 10.7421 2.65785
Bicycle 317.062 316.9877 32.2378 13.4529 2.596022
Bicycle 326.062 329.4877 32.3907 17.0552 2.650683
Bicycle 335.3313 341.8735 34.9267 15.2686 2.650683
Bicycle 338.8313 351.8735 26.0467 12.7895 2.650683
Bicycle 351.33 372.3307 28.272 14.9958 2.656589
Bicycle 356.9121 382.9365 27.7114 15.7737 2.656589
Bicycle 276.7317 277.1253 10.77 24.2221 2.753419
Bicycle 246.8313 288.3735 26.8583 12.3138 0.848103
Bicycle 224.8313 295.3735 29.9904 10.6573 1.10462
Bicycle 166.4899 319.3212 27.6944 10.8945 0.860586
Bicycle 127.7545 334.4319 25.0521 12.063 0.457216
Bicycle 101.1839 346.5856 25.8142 11.562 0.925265
Bicycle 208.5073 364.8252 30.5367 19.206 2.541396
Bicycle 220.3313 382.8735 25.6733 12.7233 2.541396
Bicycle 231.8313 389.8735 27.7972 17.8133 2.541396
Bicycle 239.0275 401.4977 28.8272 13.5842 2.89344
Bicycle 242.8146 409.8377 35.9074 13.2297 2.785128
Bicycle 249.5062 418.1387 30.673 14.057 2.785128
Bicycle 252.0062 430.1387 31.6101 14.406 2.785128
Bicycle 162.695 351.3554 29.9203 16.9339 2.593943
Bicycle 174.9227 375.6448 26.5927 15.5826 2.593943
Bicycle 188.3313 394.3735 28.6511 15.4632 2.251051
Bicycle 89.5414 377.3356 27.8505 10.0812 2.83893
Bicycle 104.817 400.3577 33.0784 11.6917 2.745711
Bicycle 111.317 415.8577 30.9989 14.0741 2.745711
Bicycle 116.8796 430.5541 27.8402 14.5515 2.840448
Bicycle 128.5419 448.4669 31.067 19.9246 2.840448
Bicycle 127.3398 468.9958 29.0151 14.826 3.07143
