Car 375.3313 412.8735 40.0 93.0 0.0
Bicycle 212.3161 143.4017 33.2016 14.5708 2.615929
Bicycle 204.2068 132.7635 34.4801 16.0906 2.615929
Bicycle 187.2943 104.9144 29.013 17.8922 2.615929
Bicycle 180.7943 92.4144 34.1169 15.0726 2.571177
Bicycle 167.9837 79.519 37.0944 15.0744 2.495668
Bicycle 154.9837 62.519 37.0944 15.0744 2.495668
Bicycle 145.9837 54.019 29.2934 15.4555 2.495668
Bicycle 138.4837 39.019 36.0871 18.072 2.495668
Bicycle 103.3877 14.6867 26.3698 16.2847 0.69288
Bicycle 68.8313 34.3735 33.4047 12.0469 0.515896
Bicycle 44.3496 49.091 32.7602 14.8588 0.864341
Bicycle 100.7588 218.0372 38.4778 20.0697 2.768703
Bicycle 98.0739 205.2333 35.9252 13.5639 2.768703
Bicycle 87.0739 196.2333 35.9252 13.5639 2.582772
Bicycle 81.1027 183.2401 33.4048 14.7782 2.787177
Bicycle 71.3313 172.3735 30.8999 20.1294 2.345538
Bicycle 56.0638 163.3668 30.5831 12.4275 2.514248
Bicycle 39.6839 140.8429 33.983 23.4799 2.514248
Bicycle 21.8799 183.8169 30.1606 18.1794 2.099042
Bicycle 8.6657 158.3735 17.3313 12.0 0.0
