Person 442.9132 257.1874 13.2993 19.2452 0.308134
Person 445.3313 230.8735 12.0 15.0 0.0
Person 447.8313 211.3735 11.0 10.0 2.84362
Person 477.5934 197.6764 17.0133 13.5381 2.626209
Person 309.3313 456.3735 16.0 12.0 0.0
Person 250.8313 433.8735 13.0 11.0 0.0
Person 232.8313 424.8735 11.0 15.0 0.0
Person 243.8313 476.3735 11.0 10.0 0.0
Person 268.5465 505.6867 14.4303 12.6265 0.0
Person 346.9197 506.1867 13.1767 11.6265 0.0
Car 57.4861 9.6867 53.6905 19.3735 0.0
Car 33.1657 28.6507 66.3313 47.4455 0.0
Car 27.1657 61.6507 54.3313 41.4455 0.0
Car 18.6657 96.1507 37.3313 40.4455 0.0
Car 8.1657 131.1507 16.3313 32.4455 0.0
