Person 438.3313 166.3735 14.0 18.0 0.141897
Person 430.3313 104.3735 12.0 20.0 0.0
Person 398.3313 114.3735 12.0 18.0 0.0
Person 374.3313 129.3735 10.0 18.0 0.0
Person 269.3313 297.8735 10.0 19.0 0.0
Person 296.8313 282.8735 9.0 17.0 0.0
Person 287.3313 267.8735 10.0 19.0 0.0
Person 272.3313 269.8735 12.0 21.0 2.969402
Person 262.3313 272.8735 10.0 17.0 0.0
Person 263.8531 255.2033 9.3128 15.4586 3.03138
Person 263.8313 235.8735 11.0 19.0 0.0
Person 249.8313 252.3735 13.0 18.0 0.0
Car 14.6657 40.3735 29.3313 36.0 0.0
Car 24.1657 22.3735 48.3313 42.0 0.0
Car 46.035 7.6867 46.5926 15.3735 0.0
