Person 352.3313 187.8735 10.0 17.0 0.0
Person 339.8313 139.3735 9.0 14.0 0.0
Person 340.3313 150.3735 6.0 16.0 0.0
Person 325.3313 147.8735 10.0 19.0 0.0
Person 265.3313 246.3735 10.0 20.0 0.0
Person 232.8313 222.8735 11.0 19.0 0.0
Person 222.8313 258.3735 9.0 18.0 0.0
Person 234.8313 288.3735 9.0 14.0 0.0
Person 237.7931 299.8353 8.9593 14.6087 2.988943
Person 195.3313 248.8735 10.0 17.0 0.0
Person 190.3313 275.3735 10.0 20.0 0.0
Person 176.3313 277.8735 10.0 19.0 2.966818
Car 9.1657 81.8735 18.3313 27.0 0.0
Car 20.1657 60.8735 40.3313 29.0 0.0
Car 35.55 46.7243 43.8312 25.3941 0.618052
Car 54.1886 34.0253 46.1632 19.5669 0.562503
Car 76.5536 22.5337 44.7007 19.1676 0.494031
Car 84.6227 8.1867 41.4172 16.3735 0.0
