Car 377.2343 141.4349 41.0456 88.4446 3.105262
Bicycle 9.1657 159.8735 18.3313 17.0 0.0
Bicycle 20.1511 193.4503 28.7351 12.749 2.461643
Bicycle 61.8313 239.8735 34.7313 13.7017 2.631509
Bicycle 76.8313 256.8735 34.7313 13.7017 2.740195
Bicycle 102.8313 287.3735 36.4899 18.8013 2.61708
Bicycle 118.6114 298.3052 34.5382 14.2771 2.42659
Bicycle 139.8441 354.8288 37.6351 20.0363 2.47079
Bicycle 148.8313 368.3735 26.4461 13.3269 2.47079
Bicycle 160.5626 380.3642 38.4184 15.1917 2.47079
Bicycle 175.6352 398.9084 40.3495 15.6149 2.420023
Bicycle 190.3313 413.3735 37.6677 13.0055 2.503261
Bicycle 196.7514 426.7874 33.0823 20.5956 2.503261
Bicycle 216.3313 457.3735 35.6988 19.0157 2.503261
Bicycle 227.166 469.2378 34.6109 16.9946 2.503261
Bicycle 38.9954 479.2927 36.8138 18.2142 2.338499
Bicycle 96.4032 325.7061 15.71 34.7679 2.509796
Bicycle 62.652 351.9036 15.8156 35.3945 2.074696
Bicycle 36.652 371.9036 15.8156 35.3945 2.432432
Bicycle 83.3313 505.8735 16.0 11.0 0.0
Bicycle 58.8313 500.6867 27.0 20.6265 0.0
Bicycle 6.6657 502.3723 13.3313 13.9976 0.0
