Person 323.6365 146.8008 10.6341 20.8025 3.003856
Person 317.9087 159.6103 12.0237 21.3797 3.003856
Person 604.8313 16.3735 7.0 14.0 0.0
Person 598.3313 8.8735 8.0 13.0 0.0
Person 244.8313 197.8735 9.0 15.0 0.0
Person 254.3313 156.8735 10.0 11.0 0.0
Person 237.3313 210.3735 10.0 14.0 0.0
Person 220.0291 187.2952 8.6679 20.6716 2.896614
Person 195.3313 193.8735 10.0 17.0 0.0
Person 182.3313 207.3735 10.0 14.0 0.0
Car 22.3313 138.8735 20.4944 14.035 0.270436
Car 46.552 138.0468 19.671 12.5348 0.762833
Car 55.9015 132.9848 11.4066 7.3884 0.762833
Car 84.3313 126.8735 14.1993 9.3477 0.49864
Car 93.3686 120.2964 14.5876 10.4185 0.628796
Car 110.0025 115.5756 14.4102 7.3306 0.628796
Car 118.7826 111.0008 18.6612 10.2175 0.63035
Car 130.9389 105.4808 16.1095 9.9126 0.434257
Car 150.8708 102.4495 14.8032 9.0548 0.772566
Car 154.8313 94.3735 17.0 10.0 0.0
Car 174.4949 93.3408 12.2723 8.9113 0.559381
Car 179.3313 87.3735 18.0 10.0 0.225717
Car 204.8256 77.2712 18.0991 11.3274 0.380506
Car 211.3313 68.8735 16.0 11.0 0.0
