Car 444.3313 450.3735 33.5414 72.5464 0.120223
Car 488.4237 73.6242 30.6521 59.2363 0.080081
Person 487.3313 168.3735 10.0 16.0 0.0
Bicycle 247.3313 94.8735 20.8826 11.8709 2.666331
Bicycle 254.7799 106.2126 23.7637 14.8007 2.775781
Bicycle 268.1842 124.4628 22.4722 14.8418 2.775781
Bicycle 277.9637 134.7972 22.3539 13.4444 2.737379
Bicycle 284.3313 165.3735 28.9081 18.009 2.643206
Bicycle 296.8313 183.3735 29.9417 14.0176 2.643206
Bicycle 305.8313 195.3735 29.9417 14.0176 2.643206
Bicycle 313.8313 205.3735 29.9417 14.0176 2.643206
Bicycle 317.3313 215.8735 25.072 12.5059 2.643206
Bicycle 328.3313 235.3735 26.3507 14.3403 2.643206
Bicycle 333.8459 244.9057 28.5233 12.1138 2.705625
Bicycle 229.8313 158.3735 12.4958 26.7741 2.425686
Bicycle 258.0575 145.5985 13.4168 30.116 2.624653
Bicycle 208.1211 165.4901 9.3422 29.8193 2.64501
Bicycle 153.8769 187.7766 9.8817 27.5837 2.416091
Bicycle 117.6669 199.3969 11.0742 26.1932 2.172317
Bicycle 233.7263 287.666 28.8608 12.5912 2.888572
Bicycle 232.7263 276.666 28.8608 12.5912 2.888572
Bicycle 225.6577 269.6372 31.4078 11.488 2.715294
Bicycle 224.1577 261.6372 22.3862 9.5875 2.758713
Bicycle 216.2305 252.5864 25.2215 12.6136 2.299151
Bicycle 204.7531 243.8344 24.5344 12.2883 2.606704
Bicycle 191.8355 226.7856 27.7842 17.4503 2.606704
Bicycle 148.6937 216.6412 27.881 17.142 2.606704
Bicycle 161.8682 236.5895 24.3125 16.363 2.954972
Bicycle 173.632 253.7784 21.7555 15.3539 2.482308
Bicycle 94.3313 259.3735 27.2666 13.8756 2.868257
Bicycle 101.3313 273.3735 27.2666 13.8756 2.868257
Bicycle 117.3313 304.3735 28.6525 16.3413 2.868257
Bicycle 106.8313 284.8735 27.9595 15.1084 2.868257
Bicycle 115.7218 320.4579 26.2676 10.8452 0.099992
Person 167.8313 325.3735 13.0 20.0 0.0
