Car 313.6988 159.2714 39.097 82.5912 3.040083
Bicycle 27.838 273.4361 33.2412 18.7775 2.667844
Bicycle 53.9262 301.317 33.8293 23.5933 2.481343
Bicycle 70.3799 310.353 30.7856 16.6613 2.481343
Bicycle 89.722 364.2936 37.3646 19.0874 2.481343
Bicycle 99.6606 377.3585 29.6427 17.5349 2.481343
Bicycle 108.9625 385.9593 37.8014 17.2746 2.41778
Bicycle 124.9625 402.9593 37.8014 17.2746 2.41778
Bicycle 139.3679 416.672 36.9874 14.558 2.41778
Bicycle 146.3326 429.3822 31.1053 21.9166 2.474747
Bicycle 167.9552 457.2958 35.6683 14.9959 2.474747
Bicycle 175.9552 468.2958 35.6683 14.9959 2.474747
Bicycle 48.8313 338.3735 17.4181 30.4895 2.438603
Bicycle 16.1657 365.1744 11.2275 30.414 1.998476
Bicycle 4.8313 477.8735 9.0 15.0 0.0
Bicycle 14.4344 503.1867 22.2061 15.6265 0.0
Bicycle 37.2076 507.1867 15.7525 9.6265 0.0
