Car 124.5066 275.1452 20.3742 29.3831 3.097504
Car 223.6968 268.8414 18.5495 30.4931 2.977965
Car 250.4731 268.2449 18.1668 29.2776 3.087735
Car 227.0882 241.5297 17.7764 25.7836 3.032147
Car 266.0882 242.5297 17.7764 25.7836 3.063099
Car 297.0882 236.5297 17.7764 25.7836 3.063099
Car 301.4846 267.766 22.3605 33.1336 3.063099
Car 353.6855 264.2502 21.3187 25.9984 3.063099
Car 401.6855 261.2502 21.3187 25.9984 3.063099
Car 212.3313 360.8735 22.0 37.0 0.0
Car 267.3313 359.8735 22.0 37.0 0.022829
Car 347.5637 356.3831 20.011 36.2352 0.012568
Car 591.3313 353.3735 25.1235 36.9974 3.008706
Car 79.8313 417.8735 25.0 45.0 0.0
Car 406.3151 234.9534 18.023 25.5054 3.063099
Car 442.4733 232.1798 18.3503 25.9503 0.024236
Car 477.3149 231.6188 19.0617 28.8145 3.104064
Car 615.9623 218.6165 21.1838 29.9713 2.781431
Bicycle 171.3313 155.8735 6.0 11.0 0.0
Bicycle 179.8313 157.8735 7.0 7.0 0.0
Bicycle 220.3313 168.3735 6.0 12.0 0.0
Bicycle 227.9532 174.5684 9.5009 12.6889 0.467939
Bicycle 195.3313 173.3735 6.0 14.0 0.0
Bicycle 199.7181 165.1198 8.8156 8.2845 2.769038
Bicycle 331.9335 166.792 10.9719 14.7177 3.010954
Bicycle 347.2356 174.838 9.2655 17.0269 2.959779
Bicycle 354.3313 164.8735 8.0 11.0 0.0
Bicycle 383.3196 164.3878 7.789 11.7994 2.937047
Bicycle 405.0348 157.8895 10.2928 20.8811 2.985867
Bicycle 413.6877 155.309 10.9352 16.0188 2.985867
Bicycle 434.3313 154.0723 12.4398 13.9749 0.620249
Bicycle 420.8313 171.8735 9.0 17.0 0.449879
Bicycle 442.6555 168.2856 10.1141 14.4496 2.772259
OtherVehicle 131.3313 347.8735 36.0 83.0 0.0
