Person 75.3313 77.3735 6.0 12.0 0.0
Person 24.8313 430.3735 9.0 22.0 0.0
Person 31.3313 432.3735 10.0 20.0 0.0
Person 37.3313 434.3735 8.0 18.0 0.0
Person 46.8313 426.3735 9.0 18.0 0.0
Person 52.8313 426.3735 11.0 20.0 0.0
Person 81.3313 427.8735 10.0 17.0 0.0
Car 141.5552 317.9225 42.5444 21.0726 3.09118
Car 147.7048 4.1867 16.747 8.3735 0.0
Car 487.3313 148.8735 16.9156 28.6158 0.903203
Car 514.4996 152.101 17.441 25.8643 0.797834
Car 585.6829 177.2763 16.9341 25.8819 0.797834
Car 600.1829 183.7763 14.0179 18.8466 0.797834
