Person 274.8313 89.3735 9.0 14.0 0.0
Person 274.8313 78.3735 9.0 12.0 0.0
Person 286.8313 73.3735 9.0 16.0 0.0
Person 292.8313 93.3735 9.0 14.0 0.0
Person 302.3313 85.8735 10.0 13.0 0.0
Person 309.8313 83.3735 9.0 18.0 0.0
Person 322.3313 88.8735 8.0 13.0 0.0
Person 330.3313 74.3735 8.0 16.0 0.0
Person 329.3313 98.8735 8.0 17.0 0.0
Person 341.3313 80.8735 8.0 11.0 0.0
Person 344.8313 92.8735 7.0 17.0 0.0
Person 370.2878 122.6922 7.9744 20.7321 0.08961
Person 372.3313 149.3735 8.0 12.0 0.0
Person 320.8313 127.3735 7.0 12.0 0.0
Person 146.8313 249.8735 9.0 15.0 0.0
Person 166.8313 263.8735 11.0 17.0 0.0
Person 269.3313 258.3735 8.0 16.0 0.0
Person 290.8313 255.8735 9.0 15.0 0.0
Person 284.8313 242.8735 11.0 13.0 0.0
Person 315.8313 252.8735 9.1526 19.1372 2.8023
Person 312.8313 265.8735 11.0 17.0 0.0
Person 564.8313 329.3735 7.0 12.0 0.095069
Person 560.8313 354.3735 13.0 20.0 0.0
Person 92.8313 501.1867 11.0 19.6265 0.0
Person 62.3313 500.0 14.0 22.0 0.0
Person 73.3313 502.6867 10.0 16.6265 0.0
