Car 72.3313 279.3735 24.5457 42.0179 2.778041
Car 149.8606 257.7377 23.6711 36.0449 2.778041
Car 237.8157 228.8605 23.8038 33.1074 2.73442
Car 268.7082 217.6953 29.2605 40.0309 2.606414
Car 312.018 203.3039 23.9947 38.5979 2.732296
Car 394.018 181.3039 23.9947 38.5979 2.756584
Car 427.2145 172.8254 21.5483 44.1711 2.642257
Car 445.1403 335.9507 30.3749 52.7228 2.612635
Car 284.0285 263.6148 29.086 46.5581 2.612635
Car 229.2807 279.9142 27.2759 41.0347 2.674954
Car 292.6008 437.0497 29.4451 64.8252 2.674954
Car 193.9748 461.057 31.3832 61.2634 2.828785
Car 525.3313 493.6867 42.0 34.6265 0.0
Bicycle 5.3313 166.3735 10.0 24.0 0.0
Bicycle 25.3313 162.8735 24.3035 12.8973 0.888129
Bicycle 39.4965 159.9434 27.4339 13.3556 0.888129
Bicycle 165.7672 136.0972 15.943 19.3147 0.313938
Bicycle 182.3724 131.2916 14.1667 26.917 2.852925
Bicycle 200.3422 109.9785 10.833 24.9606 2.731317
Bicycle 205.5974 79.9135 15.8641 27.1426 2.827781
Bicycle 262.1269 129.5762 11.896 20.8071 2.539254
Bicycle 222.2469 74.266 9.7043 19.2226 2.890947
Bicycle 229.7561 93.1101 9.5981 21.0882 2.618491
Bicycle 233.8326 70.534 8.4265 19.9991 2.774616
Bicycle 246.8313 66.3735 13.0 18.0 0.0
Bicycle 250.8313 82.8735 9.0 17.0 0.0
Bicycle 261.3313 65.8735 10.0 21.0 2.888109
Bicycle 243.766 88.6894 8.5324 17.4091 2.730741
Bicycle 255.716 109.7183 13.0753 20.9792 2.634054
Bicycle 266.0862 113.1166 10.7091 19.1805 2.801756
Bicycle 275.9331 109.8512 22.4279 11.4027 0.97276
Bicycle 321.3313 117.3735 20.0 10.0 2.622447
Bicycle 427.3048 83.6615 25.0562 12.696 2.723318
