Bicycle 206.0698 293.2711 12.6943 28.9999 3.033013
Bicycle 198.3313 335.8735 10.0 23.0 0.0
Bicycle 228.3975 327.9243 11.9981 28.833 3.002953
Bicycle 197.9965 360.7836 12.3485 27.9621 0.186949
Bicycle 213.5857 362.9586 14.7943 25.3463 0.340121
Bicycle 258.8313 326.3735 16.6348 29.6696 2.659998
Bicycle 277.0014 321.262 19.6582 26.0844 2.659998
Bicycle 460.8196 323.8668 21.4958 26.8864 0.44505
Bicycle 485.1498 319.2638 18.242 32.0025 3.002737
Bicycle 454.5609 293.136 16.0941 32.3866 0.726308
Bicycle 489.3313 290.8735 18.142 27.8544 2.912221
Bicycle 520.124 283.8126 14.3164 32.9564 2.94449
Bicycle 598.4854 339.1448 12.3509 30.1042 2.823255
Bicycle 597.4854 304.1448 12.3509 30.1042 2.823255
Bicycle 610.3865 308.9969 10.2558 29.3775 2.94152
Bicycle 624.3313 306.3735 13.8872 30.9701 2.777723
Bicycle 602.0014 282.397 11.9956 26.5971 2.957576
Bicycle 616.3313 267.3735 11.7053 25.1989 2.53373
Bicycle 568.8185 259.6172 11.6487 25.4165 2.890722
Bicycle 588.1765 252.5631 12.3691 25.4894 2.890722
Bicycle 600.3076 251.6302 11.7349 26.906 0.433562
Bicycle 537.9515 231.9399 14.9095 27.1545 3.010788
Bicycle 566.257 228.8045 14.4979 30.3373 0.18575
Bicycle 582.8313 221.8735 17.0 25.0 0.0
Bicycle 599.3313 220.3735 14.0 24.0 0.0
Bicycle 609.3313 219.8735 10.0 25.0 0.0
Bicycle 620.9184 222.0549 11.1472 25.4407 3.074579
