Car 528.3615 321.884 31.303 65.7918 2.752123
Car 477.8313 343.8735 33.7947 62.5134 2.752123
Car 363.8313 381.3735 33.5029 63.0758 2.834552
Car 310.3313 403.3735 33.5876 61.4156 2.71475
Car 252.6183 418.9209 32.5257 65.2983 2.71475
Car 134.6183 474.5474 32.5257 65.2983 2.71475
Car 19.1657 491.6867 38.3313 38.6265 0.0
Car 243.3313 501.1867 34.0 19.6265 0.0
Car 327.3313 482.1867 56.0 57.6265 0.0
Bicycle 146.2991 222.2734 14.4043 29.4041 0.637803
Bicycle 159.9044 246.9854 19.9534 27.0703 0.41333
Bicycle 160.7495 217.1815 10.7906 27.7258 2.674957
Bicycle 184.8313 237.8735 18.1112 30.3642 2.610216
Bicycle 175.7345 210.4067 11.4798 23.6483 2.680275
Bicycle 187.8313 213.8735 7.4781 17.0317 2.617272
Bicycle 207.4747 195.924 13.4897 32.3999 2.641073
Bicycle 295.9071 230.817 10.8995 29.5046 2.568761
Bicycle 375.2398 206.9418 28.3019 11.679 2.581653
Bicycle 422.9767 184.312 35.0921 16.4761 2.757423
Bicycle 522.7938 143.8859 32.8631 22.9658 2.757423
Bicycle 285.3313 197.8735 11.511 28.3637 2.625961
Bicycle 311.2512 192.7165 10.747 32.4119 2.492134
Bicycle 298.8972 197.8695 9.0236 29.7225 2.699675
Bicycle 284.3972 176.8695 9.8304 25.6791 2.699675
Bicycle 295.2852 156.9146 10.6923 26.6851 2.401793
Bicycle 248.7482 160.2806 9.3928 26.654 2.519448
Bicycle 265.7215 149.9085 10.0852 24.7922 2.750188
Bicycle 276.8313 144.8735 11.0 27.0 0.0
Bicycle 212.6293 140.7753 14.4346 28.0833 2.781513
Bicycle 239.971 132.4735 15.2299 27.6376 2.928903
Bicycle 252.971 119.4735 15.2299 27.6376 2.806328
Bicycle 269.7824 119.1515 13.1969 26.2473 2.806328
Bicycle 277.7824 114.1515 11.3082 25.5892 2.806328
Bicycle 288.7824 113.1515 11.3082 25.5892 2.806328
