Car 436.8313 238.3735 35.0 70.0 0.020722
Car 539.6958 253.1959 30.6397 65.7343 0.056563
Car 618.8341 330.4803 29.4334 60.0056 0.007117
Car 603.3313 246.3735 42.0 68.0 0.0
Bicycle 486.3313 51.3735 14.175 24.4759 2.881137
Bicycle 470.3313 52.3735 14.175 24.4759 2.881137
Bicycle 441.2364 47.9843 11.1593 27.6525 3.023034
Bicycle 427.2364 15.9843 11.1593 27.6525 3.037883
Bicycle 415.8313 24.8735 9.0 23.0 0.136139
Bicycle 413.8313 47.8735 9.0 21.0 0.131883
Bicycle 407.2961 71.075 12.9024 30.5165 0.579943
Bicycle 416.3896 82.1791 13.665 28.9671 0.762147
Person 590.3313 47.8735 12.0 23.0 0.171184
Person 603.3313 56.8735 12.0 15.0 0.0
Person 610.3313 56.8735 10.0 13.0 0.0
