Person 336.8313 39.8735 9.0 15.0 0.0
Person 127.3313 117.3735 6.0 14.0 0.0
Person 119.8313 124.8735 9.0 13.0 0.0
Person 253.8313 110.8735 9.0 15.0 0.0
Person 257.3313 127.3735 10.0 18.0 0.0
Person 281.3313 120.3735 8.0 14.0 0.0
Person 275.3313 127.8735 10.0 13.0 0.0
Person 496.8313 204.3735 7.0 16.0 0.0
Person 500.8313 183.8735 7.0 15.0 0.0
Person 87.3313 318.8735 8.0 15.0 0.0
Person 54.3313 320.3735 8.0 14.0 0.0
Person 47.8313 318.3735 11.0 16.0 0.0
Person 77.5251 383.8618 11.765 18.9311 0.145628
Person 64.3313 387.8735 10.0 17.0 0.0
Person 40.8313 398.8735 11.0 25.0 0.0
Person 45.8313 424.8735 9.0 19.0 0.0
Person 27.3313 409.8735 10.0 23.0 3.073368
