Bicycle 327.8313 417.3735 9.0 16.0 0.0
Bicycle 315.8313 400.3735 11.0 18.0 0.0
Bicycle 327.3875 385.3583 10.4169 18.1677 2.917159
Bicycle 324.8313 402.3735 9.0 16.0 0.0
Bicycle 336.3313 410.8735 10.0 17.0 0.0
Bicycle 344.7097 400.0355 10.7657 18.4962 2.731824
Bicycle 365.3313 399.3735 9.4506 18.2944 2.554719
Bicycle 378.2507 398.2449 12.2234 25.2511 2.554719
Bicycle 496.3313 389.3735 14.0 14.0 0.0
Bicycle 511.4057 385.5386 12.1036 22.1736 2.962943
Bicycle 534.9057 345.5386 10.573 13.7678 2.962943
Bicycle 552.3313 345.8735 10.0 13.0 2.775041
Bicycle 557.1339 358.3286 9.6968 12.8455 2.470449
Bicycle 586.8313 393.3735 11.2583 18.2825 2.454811
Bicycle 577.8313 352.8735 9.0 13.0 0.0
Bicycle 574.8313 339.8735 9.0 15.0 2.99178
Bicycle 586.4362 340.2328 9.1394 17.6238 2.852089
Bicycle 562.3313 336.8735 12.0 15.0 0.0
Bicycle 599.6351 378.3782 15.5429 9.8389 0.65713
Bicycle 581.3313 377.0538 13.6173 9.7694 0.828849
Car 393.3313 491.8735 34.0 39.0 0.0
Car 470.3313 488.3735 28.0 34.0 0.0
Car 553.6583 475.891 24.1731 36.1735 2.896026
Car 585.5594 466.4623 32.311 36.4212 2.760706
Car 628.2856 465.9813 22.1361 22.9989 0.009844
Car 598.9484 501.1867 25.2341 19.6265 0.0
