Bicycle 5.1657 276.3735 10.3313 22.0 0.0
Bicycle 22.3313 268.3735 15.4901 30.2664 2.533791
Bicycle 120.4097 251.9863 12.7235 28.3962 2.329885
Bicycle 38.4097 231.9863 12.7235 28.3962 2.403661
Bicycle 12.0754 245.826 9.5057 25.3828 2.519795
Bicycle 189.8313 223.8735 25.2979 14.2132 2.595242
Bicycle 108.4097 225.9863 11.1982 24.1922 2.329885
Bicycle 120.4097 224.9863 11.1982 24.1922 2.520435
Bicycle 131.0141 219.6768 13.8167 26.1476 2.309597
Bicycle 106.6111 207.792 10.3522 22.3758 2.666529
Bicycle 72.8313 200.8735 11.42 22.7944 2.48135
Bicycle 86.1019 191.6448 11.2652 24.4218 2.709392
Bicycle 94.1019 184.6448 11.2652 24.4218 2.871681
Bicycle 115.1866 192.1089 21.4873 15.003 0.290511
Bicycle 38.3307 188.6731 14.8634 24.3377 2.68955
Bicycle 59.3307 179.6731 13.9898 26.1368 2.68955
Bicycle 71.3307 168.6731 13.9898 26.1368 2.68955
Bicycle 88.3087 162.693 18.336 25.5172 2.58076
Bicycle 104.0451 159.0694 13.0382 25.4403 2.733827
Bicycle 229.6389 204.3014 30.5282 14.3751 2.595242
Bicycle 312.8415 161.6819 32.2799 14.6084 2.564095
Bicycle 422.3915 85.5483 24.9878 16.9812 0.674741
Car 13.6657 466.3735 27.3313 52.0 0.0
Car 107.1449 411.5352 32.6862 43.5062 2.637835
Car 151.7947 388.8502 32.6383 44.8647 2.637835
Car 197.7387 364.6211 35.4669 55.9588 2.774564
Car 294.3313 319.3735 34.7791 49.9041 2.657804
Car 175.8365 453.2842 35.5919 66.2497 2.535569
Car 333.5981 297.6399 29.9933 55.9354 2.657804
Car 111.8313 488.1867 45.0 45.6265 0.0
