Person 207.8982 100.4968 13.262 24.1206 2.984775
Person 194.3313 100.8735 12.0 13.0 0.0
Person 176.1267 87.7712 13.2637 18.0114 2.709185
Person 158.3313 119.3735 12.0 24.0 0.0
Person 200.8313 251.8735 11.0 15.0 2.884066
Person 185.3313 268.8735 12.0 15.0 0.0
Person 211.3313 315.8735 10.0 15.0 0.0
Person 160.8313 330.3735 13.0 16.0 0.0
Person 162.8313 345.3735 11.0 14.0 0.0
Person 241.3313 337.3735 14.0 20.0 2.900352
Person 210.3313 362.8735 11.905 18.4193 2.567442
Person 219.3313 379.8735 14.0 17.0 0.0
