Person 175.8313 53.8735 9.0 15.0 0.0
Person 167.3313 41.3735 8.0 14.0 0.0
Person 305.8313 55.8735 9.0 15.0 0.0
Person 327.3313 39.8735 10.0 15.0 0.0
Person 353.8313 43.3735 7.0 16.0 3.020295
Person 361.3313 48.8735 8.0 15.0 0.0
Person 324.3313 55.8735 8.0 13.0 0.0
Person 328.8313 63.3735 9.0 14.0 0.0
Person 101.8313 314.3735 9.0 16.0 0.0
Person 125.3031 333.9917 10.4549 14.9823 2.87023
Person 99.9199 347.6787 8.7942 18.7116 3.056757
Person 116.8313 342.8735 13.0 15.0 0.0
Person 633.6657 134.3735 10.6687 16.0 0.0
Person 620.8313 156.3735 11.0 16.0 0.099444
Person 67.3313 446.3735 12.0 18.0 0.0
Person 68.5107 469.3501 10.8495 18.052 2.97821
Person 84.3313 460.8735 8.0 17.0 3.062289
Person 80.8313 483.8735 11.0 23.0 2.974491
Person 99.8313 457.3735 9.0 20.0 0.0
Person 131.2133 460.8535 9.9375 16.6483 2.99678
