Car 238.3313 436.3735 41.1398 75.8387 2.836842
Car 338.3313 415.8735 28.6851 68.7762 2.836842
Car 441.3313 378.3735 33.5085 73.4383 2.836842
Car 492.5812 368.6567 34.4023 67.8727 2.712951
Car 545.2702 354.1344 35.2157 62.5838 2.924339
Car 505.3313 440.8735 33.127 69.7682 2.73536
Car 432.3313 460.3735 30.3814 60.967 2.73536
Bicycle 127.8313 254.3735 11.0 20.0 0.0
Bicycle 130.7185 275.5274 9.2113 24.4546 2.96509
Bicycle 135.8313 251.8735 9.0 23.0 0.0
Bicycle 143.3313 272.8735 10.0 25.0 0.0
Bicycle 143.8754 242.5651 9.4517 26.1321 2.873849
Bicycle 147.3313 297.3735 10.0 28.0 0.0
Bicycle 158.3313 287.3735 10.0 24.0 0.0
Bicycle 168.3313 266.8735 12.2484 26.3624 2.718098
Bicycle 195.5769 262.6154 15.5775 29.4764 2.541047
Bicycle 214.5769 259.1154 17.7022 36.9921 2.541047
Bicycle 369.1682 235.9112 19.2349 23.4598 0.363979
Bicycle 359.8174 215.1156 12.7195 25.6944 0.563513
Bicycle 371.1465 210.9748 10.4108 22.5652 2.774974
Bicycle 386.3313 207.8735 9.6423 21.2609 2.812266
Bicycle 389.505 231.4436 12.4856 24.995 2.824708
Bicycle 413.7831 198.781 12.619 30.3215 2.666251
Bicycle 422.0235 155.0907 13.4452 29.1154 2.876009
Bicycle 446.0235 150.5907 16.1624 26.7455 2.876009
Bicycle 452.7047 175.5683 12.5101 24.6249 2.698585
Bicycle 458.6084 144.1572 12.5037 23.7804 2.91895
Bicycle 473.3386 142.6895 12.7648 22.7326 2.862747
Bicycle 480.3386 138.6895 12.7648 22.7326 2.862747
Bicycle 491.7028 140.4462 12.4979 26.3108 2.862747
Bicycle 468.7028 168.4462 10.5751 25.7603 2.862747
Bicycle 477.7028 164.4462 10.5751 25.7603 0.106727
Bicycle 483.7541 189.2061 9.4789 22.5927 2.860745
Bicycle 482.619 205.9963 12.161 21.7669 2.617259
Bicycle 494.8313 207.8735 9.883 25.1461 2.804137
Bicycle 505.2276 203.7532 10.9671 28.2636 2.467676
Bicycle 489.3505 232.8419 12.0979 26.8132 2.613445
Bicycle 563.7338 219.9563 26.5062 16.3645 2.772003
