Car 36.1982 131.1106 29.2682 47.8604 2.672821
Car 80.3313 111.3735 31.4483 43.715 2.574926
Car 121.8327 92.8726 32.5195 55.066 2.574926
Car 210.3327 55.3726 32.6725 49.2371 2.574926
Car 248.3327 39.8726 29.9884 53.4556 2.574926
Car 279.8313 12.6867 33.0 25.3735 0.0
Car 38.8313 194.8735 30.2239 50.2048 2.553445
Car 98.8313 167.3735 32.4416 57.6935 2.553445
Car 29.1657 425.8483 29.8018 72.9982 2.696418
Car 134.8313 383.3735 32.3227 72.7753 2.60464
Car 290.3313 240.3735 31.1059 61.4526 2.490034
Car 402.3313 432.3735 32.2381 69.862 2.490034
