Car 444.292 324.3911 26.9195 42.7721 2.900352
Car 509.292 319.3911 26.9195 42.7721 2.800923
Car 588.4037 310.9729 21.8577 31.2967 2.800923
Car 617.4155 304.2413 27.814 37.2412 2.663397
Car 578.5827 345.1871 25.2811 32.38 2.930774
Car 625.2777 339.042 21.2574 32.9441 2.930774
Car 528.5461 466.9712 29.6085 49.9306 2.998428
Car 613.7246 460.234 29.1099 49.834 2.836326
Bicycle 385.5943 231.0517 10.2851 17.0353 2.94094
Bicycle 375.2256 241.7942 11.8298 22.5767 3.032786
Bicycle 385.5421 253.4222 10.0099 25.603 2.997675
Bicycle 392.8456 252.0288 10.1859 19.0831 0.152775
Bicycle 401.8313 242.8735 9.0 13.0 2.906241
Bicycle 420.3313 242.8735 12.3029 18.4835 2.783554
Bicycle 430.5918 239.8297 9.067 17.1866 2.783079
Bicycle 539.8435 236.9958 11.6494 18.4904 0.494039
Bicycle 554.2752 236.2363 11.2342 21.6183 2.898237
Bicycle 572.8313 221.8735 11.0 17.0 2.794972
Bicycle 580.1658 204.8552 11.5112 19.0556 2.985648
Bicycle 597.1849 207.3507 11.1399 29.8145 2.886877
Bicycle 605.1849 198.8507 10.5445 16.226 2.886877
Bicycle 617.3313 201.8735 10.9059 26.647 3.107824
Bicycle 620.4376 227.1749 10.053 17.5142 3.039386
Bicycle 628.3313 231.8735 8.6774 15.4176 2.908809
Bicycle 623.3313 242.8735 15.7721 10.7814 0.866302
Bicycle 628.3313 197.3735 10.0 14.0 2.909876
