Car 16.6657 374.8735 33.3313 41.0 0.0
Car 105.7106 338.6543 28.1119 40.7613 2.593574
Car 141.3929 324.2685 30.6196 46.4983 2.52462
Car 185.3313 306.3735 23.3507 40.3825 2.635481
Car 269.8313 278.8735 29.1783 40.1825 2.635481
Car 305.861 266.483 23.3101 43.9963 2.635481
Car 102.7131 395.4774 29.6306 45.9601 2.593574
Car 159.7131 372.9774 32.5238 48.8976 2.593574
Car 334.7131 444.9774 34.5192 57.145 2.593574
Bicycle 25.6351 240.7107 17.5207 22.9768 0.320405
Bicycle 44.0121 234.3302 15.6937 25.5025 2.544458
Bicycle 62.3424 207.7856 12.4201 24.3779 2.544458
Bicycle 64.9251 177.8194 11.6086 24.1717 2.811719
Bicycle 84.9251 174.8194 11.6086 24.1717 2.811719
Bicycle 93.9251 163.8194 11.0121 19.7395 2.811719
Bicycle 94.1767 190.0156 9.219 11.4743 2.443739
Bicycle 105.3313 181.3735 10.0 14.0 2.690393
Bicycle 112.3313 177.3735 10.0 16.0 0.0
Bicycle 110.2268 162.9964 14.5725 20.3405 2.823095
Bicycle 123.3163 160.3956 10.9257 21.4546 2.766256
Bicycle 119.6294 207.5942 10.2935 18.0058 2.208115
Bicycle 119.8313 195.8735 11.0 15.0 2.881832
Bicycle 132.5685 209.4474 9.5801 15.695 2.684286
Bicycle 140.8313 205.3735 21.1252 10.8961 0.70628
Bicycle 129.3519 226.8187 22.8736 14.1848 0.822418
Bicycle 188.9536 211.6653 22.7094 10.8792 2.571413
Bicycle 297.5593 170.5048 26.7626 13.7058 2.704965
