Person 121.3313 143.8735 10.0 19.0 0.0
Person 106.8313 138.8735 11.0 23.0 0.0
Person 71.8313 161.8735 15.0 21.0 0.0
Person 71.3313 176.3735 12.0 20.0 0.0
Person 88.3711 106.5409 9.9506 21.9427 2.951347
Person 46.3313 119.3735 12.0 20.0 0.0
Person 62.3313 115.3735 8.0 12.0 0.0
Person 62.3313 132.8735 12.0 13.0 0.0
Person 69.8313 117.3735 7.0 12.0 0.0
Person 75.8313 119.8735 7.0 13.0 0.0
Person 81.8313 124.8735 7.0 13.0 0.0
Bicycle 489.6029 276.7065 12.9735 19.5734 2.945222
Person 98.1932 5.6867 9.7237 11.3735 0.0
Person 109.8313 7.1867 17.0 14.3735 0.0
