Car 129.1566 210.7768 21.0038 24.9999 2.742883
Car 183.4785 199.854 18.6273 21.996 2.742883
Car 245.9785 186.354 17.0273 18.0666 2.742883
Car 269.8693 179.2767 19.8823 27.6978 2.501673
Car 302.7329 173.7064 16.4319 19.8716 2.638028
Car 361.2377 163.5165 16.1305 22.6473 2.705489
Car 386.7377 159.0165 14.8017 23.1313 2.705489
Car 282.8156 202.3966 17.2744 22.8666 2.726317
Car 242.7636 211.1582 16.2841 19.7428 2.859545
Car 393.6806 243.3085 22.8129 34.6362 2.605642
Car 284.1728 292.5156 22.7949 36.6523 2.724735
Car 213.8313 301.8735 22.6903 35.2015 2.724735
Car 246.1011 500.1865 28.94 23.0362 3.121041
Bicycle 56.485 151.2623 8.585 17.9114 2.973696
Bicycle 66.5418 158.9953 11.3298 19.3229 2.996693
Bicycle 74.3313 158.3735 8.0 14.0 0.0
Bicycle 80.3223 148.152 9.923 17.9826 2.734009
Bicycle 95.4171 146.2986 9.8353 19.9305 2.600813
Bicycle 105.6685 146.5416 23.4851 12.1892 0.772601
Bicycle 198.1184 135.9262 12.0883 15.1812 0.442374
Bicycle 209.4418 133.4792 11.2833 18.1038 2.713644
Bicycle 222.7746 124.0765 10.3385 13.316 2.910502
Bicycle 227.0854 109.0784 10.7648 17.5215 2.910502
Bicycle 242.1974 109.9957 7.1939 22.2063 2.715305
Bicycle 268.1379 136.2525 13.2276 9.6756 0.646297
Bicycle 259.3313 105.8735 10.0 17.0 0.0
Bicycle 262.4815 123.3539 13.5495 8.7436 0.854594
Bicycle 269.7875 124.9449 8.4945 15.5023 2.367264
Bicycle 277.3116 125.5275 9.6657 14.9333 2.592405
Bicycle 247.8313 102.3735 9.0 14.0 2.673858
