Person 328.5 194.0 7.0 16.0 0.0
Person 333.5 183.0 7.0 16.0 0.0
Person 348.0 175.0 6.0 14.0 0.0
Person 347.0 184.5 6.0 15.0 0.0
Person 340.5 200.5 7.0 13.0 0.0
Person 387.5 178.5 7.0 13.0 0.0
Person 383.0 189.5 6.0 13.0 0.0
Person 372.0 187.5 8.0 15.0 0.0
Person 376.5 198.5 7.0 13.0 0.0
Person 358.0 191.5 8.0 13.0 0.0
Person 400.0 184.5 6.0 13.0 0.0
Person 402.5 194.5 7.0 15.0 0.0
Person 391.0 231.5 6.0 13.0 0.0
Person 385.5 240.0 7.0 14.0 0.0
Person 416.0 230.0 6.0 14.0 0.0
Person 418.5 243.5 7.0 13.0 0.0
Person 447.5 248.0 7.0 14.0 0.0
Person 446.0 261.5 8.0 15.0 0.0
Person 226.5 333.5 9.0 13.0 0.0
Person 242.5 336.0 7.0 16.0 0.0
Person 589.5 455.9394 9.0 16.0 0.0
DontCare 390.5 367.0 35.0 30.0 0.0
