Person 130.5 53.5 7.0 13.0 0.0
Person 133.5 68.0 5.0 12.0 0.0
Person 263.5 74.5 9.0 13.0 0.0
Person 273.5 65.5 7.0 11.0 0.0
Person 284.0 64.5 6.0 9.0 0.0
Person 286.0 69.5 6.0 9.0 0.0
Person 283.5 78.0 5.0 10.0 0.0
Person 292.0 85.0 6.0 12.0 0.0
Person 298.5 74.5 7.0 15.0 0.0
Person 57.0 338.5 6.0 9.0 0.0
Person 54.0 348.0 8.0 12.0 0.0
Person 64.5 345.5 7.0 11.0 0.0
Person 74.0 365.5 8.0 15.0 0.0
Person 89.0 420.0 6.0 12.0 0.0
Person 94.5 419.5 5.0 11.0 0.0
Person 101.5 422.5 5.0 9.0 0.0
Person 105.5 426.0 5.0 10.0 0.0
Person 126.0 434.5 6.0 17.0 0.0
Person 100.0 436.0 6.0 14.0 0.0
Person 73.0 447.0 6.0 14.0 0.0
Person 80.5 458.5 7.0 15.0 0.0
Person 92.0 454.0 8.0 16.0 0.0
Person 112.5 436.0 7.0 14.0 0.0
Person 114.0 450.5 8.0 15.0 0.0
Person 129.0 463.0 8.0 14.0 0.0
Person 518.5 154.0 7.0 12.0 0.0
Person 546.5 158.5 7.0 13.0 0.0
