Car 10.0 97.0 20.0 16.0 0.0
Car 113.0 22.0 46.0 18.0 0.0
Car 165.5 20.0 43.0 18.0 0.0
Car 115.5 194.0 47.0 18.0 0.0
Car 278.0 6.5 38.0 13.0 0.0
Car 280.0 25.5 36.0 17.0 0.0
Car 284.5 51.0 43.0 20.0 0.0
Car 326.729 53.588 30.2401 14.9126 3.024031
Car 334.5 74.5 31.0 15.0 3.046567
Car 338.0212 94.3706 36.2333 14.6167 2.997407
Car 341.0431 113.7911 35.8801 17.4437 3.070834
Person 371.0 297.5 10.0 19.0 0.0
Person 344.0 303.5 8.0 17.0 0.0
Person 351.5 303.5 7.0 15.0 0.0
Person 351.0 315.5 8.0 17.0 0.0
Car 6.0 60.6842 12.0 20.0 0.0
