Car 115.0 174.6842 52.0 22.0 0.0
Car 278.4643 160.2841 43.2939 16.9634 3.016555
Car 337.502 189.3006 32.9261 16.4474 2.993207
Car 288.5 190.0 39.0 16.0 2.992447
Car 291.7357 220.1677 37.9572 18.3816 3.120488
Car 168.0163 215.4731 48.0767 20.8645 3.052621
Car 111.5 220.0 49.0 22.0 0.0
Car 297.0 250.5 48.0 21.0 3.05628
Car 347.0 254.0 32.0 18.0 0.0
Car 356.5 280.0 31.0 18.0 0.0
Car 360.5783 302.0274 35.1666 17.7545 3.035893
Car 361.0 325.5 40.0 17.0 3.027003
Car 112.0 425.5 52.0 21.0 0.0
Car 4.0 308.5 8.0 17.0 0.0
