Person 335.5 28.5 7.0 11.0 0.0
Person 348.0 27.0 6.0 10.0 0.0
Person 362.5 31.0 5.0 12.0 0.0
Person 345.0 36.5 6.0 11.0 0.0
Person 375.5 27.0 7.0 12.0 0.0
Person 390.0 27.0 6.0 10.0 0.0
Person 384.5 38.5 5.0 13.0 0.0
Person 401.0 35.0 6.0 12.0 0.0
Person 374.5 205.5 9.0 15.0 0.0
Person 387.0 200.5 6.0 13.0 0.0
Person 394.5 204.5 7.0 13.0 0.0
Person 405.5 195.5 7.0 13.0 0.0
Person 412.0 210.5 8.0 13.0 0.0
Person 161.5 245.5 7.0 11.0 0.0
Person 176.5 231.0 7.0 12.0 0.0
Person 193.5 238.0 7.0 12.0 0.0
Person 286.5 257.0 9.0 14.0 0.0
Person 221.0 359.5 8.0 15.0 0.0
Person 231.0 368.0 8.0 14.0 0.0
Person 236.0 358.5 8.0 11.0 0.0
Person 241.5 368.0 7.0 12.0 0.0
Person 257.5 355.5 9.0 15.0 0.0
Car 14.5 27.0 9.6719 18.2059 0.623862
Car 26.1506 29.0746 8.7953 15.3462 0.571567
Car 36.5034 30.4709 7.708 12.8386 0.607066
Car 47.0 32.0 7.3374 11.9232 0.551655
Car 56.5 35.5 8.9685 14.4764 0.495894
Car 69.0 37.0 8.0 14.0 0.519146
Car 79.5114 38.0608 7.9883 9.2815 0.465073
Car 103.0 44.0 9.2484 15.5714 0.646607
Car 91.0 40.1504 9.5876 13.183 0.527616
