Car 4.5 92.3083 9.0 15.3 0.0
Car 7.5 133.9583 15.0 16.0 0.0
Car 112.0 15.9583 48.0 20.0 0.0
Car 108.0 55.9583 48.0 22.0 0.0
Car 162.0 54.4583 48.0 25.0 3.064072
Car 267.5285 8.4792 41.057 16.9583 0.0
Car 276.2098 29.7106 34.904 17.4398 3.054995
Car 279.0 57.9583 36.0 18.0 0.0
Car 284.0 84.9583 44.0 20.0 0.0
Car 322.4168 28.52 31.4465 16.8468 2.928238
Car 330.5 86.9583 31.0 16.0 0.0
Car 338.5 108.9583 31.0 18.0 0.0
Car 338.5 129.4583 41.0 17.0 2.969363
Car 342.0 150.4583 36.0 17.0 0.0
Car 110.5 235.4583 51.0 19.0 0.0
Person 317.5 385.9583 9.0 18.0 0.0
Person 301.0 385.9583 8.0 16.0 0.0
Person 294.0 383.9583 6.0 16.0 0.0
