Person 342.0 33.5 4.0 9.0 0.0
Person 358.5 29.0 5.0 10.0 0.0
Person 375.0 35.5 6.0 11.0 0.0
Person 385.0 29.5 6.0 11.0 0.0
Person 397.0 38.5 6.0 11.0 0.0
Person 381.0 45.0 6.0 10.0 0.0
Person 362.5 38.0 5.0 10.0 0.0
Person 344.0 40.5 6.0 11.0 0.0
Person 388.0 203.0 6.0 12.0 0.0
Person 367.0 211.0 6.0 12.0 0.0
Person 373.0 212.0 6.0 12.0 0.0
Person 380.0 217.0 6.0 12.0 0.0
Person 386.0 213.5 8.0 11.0 0.0
Person 301.5 247.5 9.0 11.0 0.0
Person 161.5 245.5 7.0 11.0 0.0
Person 175.0 249.5 6.0 11.0 0.0
Person 200.0 249.0 8.0 14.0 0.0
Person 212.0 371.5 8.0 11.0 0.0
Person 231.0 373.5 6.0 11.0 0.0
Person 229.0 384.5 6.0 13.0 0.0
Person 240.0 382.0 8.0 12.0 0.0
Person 245.0 370.5 6.0 13.0 0.0
Person 251.5 375.0 7.0 12.0 0.0
Car 9.0 31.5 7.7998 15.6257 0.695404
Car 21.0 35.0 8.0 16.0 0.661043
Car 31.5692 36.5386 9.4575 16.8133 0.661279
Car 42.5 36.5 7.0 11.0 0.582648
Car 51.5 40.0 8.5048 15.8955 0.546789
Car 64.5551 42.9766 9.3235 15.3683 0.594834
Car 76.5 42.0 8.3939 11.2491 0.712358
Car 87.9614 43.8567 11.4081 8.6005 2.211382
Car 98.5 49.5 9.0673 14.4147 0.620249
