Car 6.0 57.9796 12.0 18.0 0.0
Car 10.0 95.9796 20.0 16.0 0.0
Car 113.0 23.4796 46.0 19.0 0.0
Car 164.5 20.9796 45.0 20.0 3.050195
Car 114.5 193.4796 49.0 19.0 0.0
Car 276.8909 5.9898 37.7818 11.9796 0.0
Car 278.5 26.4796 35.0 17.0 0.0
Car 283.5 51.9796 43.0 20.0 0.0
Car 332.5 55.4796 37.0 21.0 0.0
Car 338.0 75.4796 38.0 17.0 0.0
Car 339.0 94.9796 40.0 16.0 0.0
Car 342.5 112.9796 37.0 16.0 0.0
Person 365.0 303.9796 8.0 20.0 0.0
Person 338.5 308.9796 7.0 18.0 0.0
Person 345.0 309.9796 8.0 16.0 0.0
Person 345.0 320.4796 8.0 15.0 0.0
