Bicycle 96.8107 22.2563 42.8847 16.8972 2.231112
Bicycle 118.8107 36.1867 47.2123 27.8549 2.188569
Bicycle 143.731 49.6251 60.1182 31.9227 2.188569
Bicycle 159.5719 73.7074 59.1264 26.8881 1.89835
Bicycle 179.8661 67.5339 55.1209 17.6884 1.796046
Bicycle 292.8251 41.8617 32.849 60.024 0.599481
Bicycle 268.3313 26.0 40.0 52.0 0.0
Bicycle 199.6552 74.5104 52.8468 21.481 2.121561
Bicycle 225.8313 81.8735 63.8957 23.9861 2.121561
Bicycle 255.8313 95.3735 70.9073 25.9452 2.121561
Bicycle 272.8313 117.8735 64.5533 26.737 2.121561
Bicycle 296.8313 135.8735 75.1679 28.5619 2.121561
Bicycle 363.8548 25.6859 40.1353 18.3703 1.921689
Bicycle 385.7293 42.0286 54.5154 27.6263 1.921689
Bicycle 434.6751 68.495 64.9896 23.527 2.293345
Bicycle 513.4008 93.0775 59.7298 31.3831 2.187245
Bicycle 532.0975 102.0056 61.8002 24.7531 2.187245
Bicycle 547.5829 122.9074 58.3852 21.4347 2.113374
Bicycle 382.1501 116.6676 58.2367 27.6582 2.195688
Bicycle 422.4327 131.9581 64.0857 38.5876 2.115286
Bicycle 351.2948 187.1858 64.6181 36.8768 2.115286
Bicycle 378.7948 198.1858 55.9074 28.0948 2.115286
Bicycle 409.7948 207.6858 53.7023 22.0834 2.115286
Bicycle 435.9912 213.4596 60.8368 25.5169 1.765656
Bicycle 324.8313 244.8735 62.3022 27.1373 2.557348
Bicycle 384.4549 269.8142 67.0907 30.134 2.096971
Bicycle 432.1259 296.2894 67.033 30.2207 2.140129
Bicycle 319.3313 306.3735 56.1008 24.5092 1.828546
Bicycle 442.1541 379.0112 61.1659 19.1048 1.6798
Bicycle 492.6582 397.7072 59.2495 25.7029 1.35869
Bicycle 546.2672 447.8536 67.1992 27.962 0.83368
Bicycle 606.8313 490.0 37.0 42.0 0.0
