Bicycle 325.5166 71.484 20.9457 47.8364 0.891063
Bicycle 343.8313 90.3735 26.0421 51.0177 0.815727
Bicycle 360.6445 109.5493 30.1541 55.9001 0.815727
Bicycle 374.6455 130.019 29.4688 56.5425 0.815727
Bicycle 398.0489 130.6082 14.559 53.6073 0.291027
Bicycle 414.2333 143.6436 26.8148 52.4305 0.815727
Bicycle 431.7333 156.1436 28.3999 58.0419 0.815727
Bicycle 456.0839 178.0474 24.457 60.055 0.815727
Bicycle 469.7275 199.3257 26.9435 60.8698 0.815727
Bicycle 485.9947 220.5153 29.2997 70.5924 0.815727
DontCare 472.3313 94.3735 18.0 44.0 0.0
DontCare 495.8313 141.8735 31.0 31.0 0.0
Bicycle 577.8313 134.8735 23.2267 42.691 0.433135
Bicycle 594.8225 154.5227 27.5223 59.0661 0.695671
Bicycle 577.9147 221.9686 29.7158 56.6759 0.78955
Bicycle 530.9523 279.9189 35.3668 59.3575 0.78955
Bicycle 494.1383 330.9371 36.4754 60.208 1.010092
Bicycle 555.9064 301.4686 26.1539 60.185 0.78955
Bicycle 474.8313 387.3735 25.3621 57.7041 0.427415
Bicycle 585.4377 313.4334 22.6155 53.7124 0.78955
Bicycle 544.9377 369.4334 33.2484 60.0323 0.78955
Bicycle 582.9377 404.4334 33.2719 65.6891 0.78955
Bicycle 608.7266 326.7803 26.452 59.8054 0.336688
Bicycle 608.3313 249.8735 34.5938 55.9309 0.706567
Bicycle 625.1657 194.0198 27.6687 31.2927 0.0
Bicycle 577.3313 485.6867 28.0 50.6265 0.0
