Person 196.8313 179.8735 13.0 13.0 0.0
Person 365.3313 196.3735 13.6069 19.8709 0.126214
Person 253.8313 236.3735 13.0 18.0 0.0
Person 269.8313 262.3735 13.2084 29.9756 2.941909
Person 341.9992 248.8791 13.745 17.4843 0.38777
Person 316.8128 253.2147 25.6311 24.7706 0.366973
Person 375.8313 302.8735 21.0 17.0 0.0
Person 415.8313 351.3735 17.0 18.0 0.0
Person 323.8313 368.3735 17.0 18.0 0.0
Person 291.3313 369.8735 18.0 15.0 0.0
Person 582.2662 69.5873 11.8013 22.4705 0.575517
Person 632.8313 86.3735 13.0 20.0 0.0
