Bicycle 388.604 89.1613 20.3641 45.9483 0.14617
Bicycle 366.104 79.1613 21.4139 59.9447 0.14617
Bicycle 349.6968 77.7208 18.3907 58.609 0.14617
Bicycle 268.4447 80.3268 36.6824 67.2386 0.287205
Bicycle 213.8313 78.3735 27.0184 50.9804 0.039195
Bicycle 188.3313 74.3735 13.4843 42.6401 3.015162
Bicycle 282.2879 143.1315 38.6368 57.8921 0.170771
Bicycle 239.389 142.5454 28.7823 57.3823 0.170771
Bicycle 324.0705 208.1005 21.8539 59.7174 2.972272
Bicycle 298.3313 211.8735 20.1421 51.9932 0.198508
Bicycle 266.958 217.8874 28.0474 54.5115 0.198508
Bicycle 238.458 217.3874 31.5801 56.861 0.198508
Bicycle 351.458 285.3874 30.4082 61.1769 0.198508
Bicycle 298.0843 279.7715 32.3881 62.8176 0.151646
Bicycle 233.3313 279.8735 31.9651 58.4742 0.620302
Bicycle 253.3313 337.3735 21.8093 55.537 3.004245
Bicycle 390.7534 356.9497 26.9123 58.2281 2.910245
Bicycle 446.3313 350.8735 25.0993 59.0172 2.551256
Bicycle 511.9676 376.4253 27.7544 63.4979 1.955496
Bicycle 586.3102 397.5762 26.6286 66.8505 1.955496
Bicycle 632.1657 394.3735 13.6687 30.0 0.0
Bicycle 167.8313 195.3735 25.9833 66.1957 0.077026
Bicycle 141.8782 185.3738 25.6151 60.2068 0.077026
Bicycle 119.5403 172.2739 24.9259 72.3318 0.077026
Bicycle 85.6143 170.8148 24.3872 63.4288 0.077026
Bicycle 59.3313 168.3735 27.616 62.0432 0.180944
Bicycle 22.1571 104.8781 22.7384 33.4449 0.180944
Bicycle 131.3313 125.3735 30.0 28.0 0.0
Bicycle 82.8313 102.3735 19.3169 42.4247 2.394508
Bicycle 24.7853 183.3806 24.7554 60.0489 0.002544
Bicycle 7.6657 175.0208 15.3313 53.2946 0.0
