Person 379.8313 184.8735 13.0 17.0 0.0
Person 360.3313 203.8735 12.0 15.0 0.0
Person 326.8313 203.3735 11.0 20.0 0.0
Person 380.3313 230.3735 14.0 22.0 0.0
Person 290.8313 283.8735 15.0 15.0 0.0
Person 359.3313 253.3735 26.0 18.0 0.0
Person 396.3313 274.3735 20.0 18.0 0.0
Person 634.3313 141.3735 10.0 12.0 0.0
Person 422.8313 317.8735 33.0 17.0 0.0
Person 359.3313 281.8735 12.0 17.0 0.0
Person 39.3313 501.8735 18.0 11.0 0.0
Person 9.8313 504.8735 19.0 13.0 0.0
Person 454.3313 370.8735 14.0 15.0 0.0
Person 358.8313 376.3735 17.0 14.0 0.0
Person 323.9665 372.1498 21.1016 13.2252 0.274341
