Bicycle 316.5097 80.7666 17.9716 33.9285 0.13443
Bicycle 303.6501 67.2371 14.8568 37.2342 0.773163
Bicycle 271.0614 75.3309 28.9711 44.5968 0.351038
Bicycle 234.4527 48.4149 30.2734 50.8704 0.745131
Bicycle 198.1765 50.9506 25.2874 46.3692 0.351038
Bicycle 158.4023 33.9903 20.9359 43.4684 0.533857
Bicycle 215.3313 14.8735 36.0 29.0 0.0
Bicycle 188.3313 15.3735 28.0 30.0 0.0
Bicycle 161.2904 12.6867 27.9181 25.3735 0.0
Bicycle 499.7595 215.9126 25.3361 42.52 0.723871
Bicycle 515.3398 231.4836 26.6142 48.2532 0.723871
Bicycle 534.8398 244.4836 28.688 49.0894 0.723871
Bicycle 545.3351 263.2164 25.8019 50.0957 0.511251
Bicycle 580.716 267.4104 27.0381 47.1465 0.645575
Bicycle 600.216 278.4104 24.2476 51.7523 0.645575
Bicycle 623.6657 293.1225 32.6687 49.498 0.0
Bicycle 630.8313 318.3735 17.0 30.0 0.0
Car 75.3313 436.3735 157.0856 54.8463 2.358156
Car 175.8313 473.3735 105.0 76.0 0.0
