Person 104.5 92.0 9.0 20.0 0.0
Person 259.5 86.5 7.0 19.0 0.0
Person 266.5 92.5 7.0 15.0 0.0
Person 278.5 53.0 7.0 20.0 0.0
Person 303.5 181.5 9.0 19.0 0.0
Person 496.5 387.0 9.0 20.0 0.0
Person 403.5 358.5 11.0 23.0 0.0
Person 494.0 336.0 8.0 18.0 0.0
Person 500.5 335.0 7.0 20.0 0.0
Person 507.5 333.0 7.0 20.0 0.0
Person 561.5 299.0 11.0 24.0 0.0
Person 488.0 252.0 10.0 20.0 0.0
Person 487.5 271.0 11.0 18.0 0.0
Person 415.0 284.0 10.0 20.0 0.0
Person 342.0 299.0 10.0 22.0 0.0
Person 334.5 233.0 9.0 20.0 0.0
Person 320.0 236.0 10.0 20.0 0.0
Person 374.0 199.5 6.0 19.0 0.0
Person 430.0 184.5 6.0 17.0 0.0
Person 562.0 20.0 10.0 26.0 0.0
Person 550.0 12.0 10.0 22.0 0.0
Person 536.5 11.0 9.0 20.0 0.0
DontCare 461.5 51.1842 49.0 41.0 0.0
