Person 111.4639 6.6867 14.2651 13.3735 0.0
Person 471.8027 259.5483 32.9762 17.9819 0.410614
Person 111.3313 348.3735 22.0 24.0 0.0
Person 96.8313 307.8735 21.0 19.0 0.0
Person 82.3313 315.3735 20.0 16.0 0.0
Person 37.8313 344.8735 19.0 19.0 0.0
Person 56.8313 340.3735 10.3631 22.2173 0.641838
Person 65.3313 340.8735 9.8286 21.2696 0.44319
Person 14.3313 369.8735 20.0 23.0 0.0
Person 79.8313 413.8735 17.0 17.0 0.0
Person 126.8815 418.8602 9.737 27.5688 2.295046
Person 77.3313 444.8735 20.0 27.0 0.0
Person 106.3313 446.8735 18.0 17.0 0.0
Person 42.4221 461.4223 25.9595 14.0804 0.242515
Person 125.6446 503.6867 16.6265 16.6265 0.0
Person 93.5512 507.1867 14.4398 9.6265 0.0
Person 75.1238 507.6867 9.585 8.6265 0.0
Person 585.8313 289.8735 13.0 15.0 0.0
Person 561.3313 295.8735 10.0 17.0 0.0
Person 481.369 289.4716 18.9538 13.5033 2.864525
Person 396.3313 359.8735 16.0 17.0 0.0
Person 483.8313 342.8735 17.0 21.0 0.0
Person 516.8313 343.3735 13.0 16.0 0.0
Person 570.3313 410.8735 18.0 21.0 0.0
Person 472.3313 432.8735 12.0 15.0 0.0
Person 496.3313 454.8735 16.0 19.0 0.0
Person 524.8313 454.8735 19.0 23.0 0.0
Person 487.8313 490.3735 21.0 16.0 0.0
