Person 122.1087 8.1867 15.5548 16.3735 0.0
Person 515.7992 4.6867 10.9357 9.3735 0.0
Person 113.8313 320.8735 13.0 15.0 0.0
Person 34.8313 320.3735 17.0 22.0 0.0
Person 62.8313 349.8735 17.0 17.0 0.0
Person 91.8313 339.3735 13.0 20.0 0.0
Person 110.3313 345.8735 12.0 11.0 0.0
Person 124.3313 352.3735 12.0 18.0 0.0
Person 112.0113 365.0578 12.5237 9.2741 0.467735
Person 137.3313 425.8735 12.0 11.0 0.0
Person 84.8313 416.3735 17.0 14.0 0.0
Person 110.3313 449.3735 20.0 18.0 0.0
Person 81.3313 446.8735 18.0 29.0 0.0
Person 45.8313 461.8735 23.0 15.0 0.0
Person 105.8313 488.8735 17.0 13.0 0.0
Person 130.3313 495.8735 16.0 13.0 0.0
Person 75.3661 507.1867 14.0695 9.6265 0.0
Person 530.8313 276.8735 11.0 17.0 2.675317
Person 556.8313 282.3735 19.0 14.0 0.0
Person 557.8313 328.3735 15.0 18.0 0.0
Person 587.8313 330.3735 17.0 16.0 0.0
Person 405.3313 368.3735 10.0 16.0 0.0
Person 525.3313 351.8735 14.0 19.0 0.0
Person 522.8313 369.8735 13.0 21.0 0.0
Person 490.3313 357.3735 12.0 20.0 0.457278
Person 576.8313 420.8735 19.0 21.0 0.0
Person 477.8313 440.3735 15.0 14.0 0.0
Person 501.8351 461.961 13.5601 18.3881 0.679528
Person 531.8313 462.8735 19.0 23.0 0.0
Person 570.8313 499.8735 19.0 21.0 0.0
Person 514.3313 497.3735 12.0 16.0 0.0
