Person 16.5 117.0 7.0 16.0 0.0
Person 6.0 118.5 6.0 17.0 0.0
Person 110.5 136.5 9.0 17.0 0.0
Person 139.0 59.0 8.0 18.0 0.0
Person 286.0 167.0 8.0 18.0 0.0
Person 211.0 199.0 6.0 18.0 0.0
Person 216.5 199.5 5.0 17.0 0.0
Person 221.0 199.0 6.0 18.0 0.0
Person 250.5 210.0 7.0 16.0 0.0
Person 532.0 425.5 10.0 21.0 0.0
Person 371.0 402.0 10.0 20.0 0.0
Person 466.0 333.5 10.0 25.0 0.0
Person 422.0 309.5 10.0 23.0 0.0
Person 342.0 335.5 10.0 21.0 0.0
Person 612.0 58.0 10.0 18.0 0.0
Person 485.5 87.5 7.0 19.0 0.0
Person 511.0 59.5 8.0 17.0 0.0
DontCare 525.5 93.5 35.0 37.0 0.0
DontCare 327.5 52.5 53.0 39.0 0.0
Person 385.0 25.0 8.0 18.0 0.0
Person 597.0 8.0 10.0 16.0 0.0
Person 567.5 9.0 11.0 16.0 0.0
Person 537.4444 8.0 8.8889 16.0 0.0
DontCare 412.5 22.0 23.0 34.0 0.0
