Person 147.5 85.5 9.0 17.0 0.0
Person 159.0 87.5 8.0 17.0 0.0
Person 212.5 122.5 9.0 19.0 0.0
Person 196.0 132.5 10.0 19.0 0.0
Person 285.5 54.0 7.0 18.0 0.0
Person 271.5 215.5 9.0 19.0 0.0
Person 215.0 490.0 10.0 20.0 0.0
Person 544.0 312.5 10.0 21.0 0.0
Person 475.5 291.0 7.0 20.0 0.0
Person 468.5 293.0 7.0 16.0 0.0
Person 462.5 294.0 7.0 20.0 0.0
Person 499.0 259.0 10.0 18.0 0.0
Person 415.0 292.5 10.0 21.0 0.0
Person 381.5 239.0 11.0 20.0 0.0
Person 319.5 241.5 9.0 19.0 0.0
Person 306.5 189.5 9.0 19.0 0.0
DontCare 468.0 51.0 46.0 38.0 0.0
Person 582.5 17.0 9.0 18.0 0.0
DontCare 559.5 15.0 35.0 30.0 0.0
