Person 2.5 114.6667 5.0 16.6667 0.0
Person 101.5 132.5 7.0 21.0 0.0
Person 137.0 59.0 8.0 18.0 0.0
Person 279.5 165.5 7.0 21.0 0.0
Person 250.0 212.0 8.0 16.0 0.0
Person 216.5 195.5 5.0 17.0 0.0
Person 207.0 197.0 8.0 18.0 0.0
Person 536.0 430.0 10.0 22.0 0.0
Person 366.0 394.0 8.0 20.0 0.0
Person 454.0 332.5 14.0 23.0 0.0
Person 426.5 313.0 11.0 22.0 0.0
Person 334.0 329.0 10.0 22.0 0.0
DontCare 327.5 54.0 45.0 36.0 0.0
Person 384.5 25.5 7.0 19.0 0.0
DontCare 411.0 23.0 22.0 34.0 0.0
Person 485.0 88.0 6.0 18.0 0.0
Person 517.0 62.5 8.0 17.0 0.0
Person 606.0 57.0 10.0 18.0 0.0
Person 539.0 11.0 8.0 20.0 0.0
Person 567.0 10.5 8.0 17.0 0.0
Person 600.0 9.0 10.0 18.0 0.0
Person 582.125 3.5 10.25 7.0 0.0
DontCare 531.5 93.5 35.0 33.0 0.0
