Person 617.8313 99.3735 21.0 28.0 0.0
Person 625.3313 27.3735 20.0 30.0 0.0
Person 589.8313 99.3735 15.0 28.0 0.0
Person 372.3313 200.3735 18.3049 15.6503 0.468629
Person 362.3313 215.8735 14.0 21.0 0.0
Person 245.8313 200.3735 13.0 16.0 0.0
Person 262.3313 239.8735 14.0 15.0 0.0
Person 324.3313 257.3735 14.0 12.0 0.14334
Person 319.8313 269.3735 19.0 14.0 0.0
Person 278.3313 276.8735 10.0 19.0 0.0
Person 290.8313 281.3735 17.0 24.0 0.0
Person 383.3072 305.2267 25.0746 16.1236 0.508641
Person 422.3313 354.8735 16.0 17.0 0.0
Person 330.3313 370.3735 16.0 16.0 0.0
Person 297.8313 370.8735 15.0 15.0 0.0
