Person 190.8313 222.3735 17.0 24.0 0.0
Person 167.3313 214.3735 16.0 18.0 0.0
Person 77.8313 243.3735 21.0 22.0 0.0
Person 152.8313 282.3735 17.0 20.0 0.0
Person 57.3313 286.8735 18.0 23.0 0.0
Person 362.3313 219.8735 16.0 19.0 0.0
Person 332.806 262.0694 13.0681 21.7914 2.564034
Person 261.3313 237.8735 12.0 17.0 0.0
Person 277.1017 253.0988 14.2092 13.4272 2.954459
Person 301.109 263.8543 17.7563 20.1024 2.718463
Person 228.8313 308.3735 11.0 12.0 0.0
Person 280.8313 339.3735 15.0 20.0 0.0
Person 199.8313 387.8735 15.0 17.0 0.0
Person 177.8313 377.8735 19.0 15.0 0.0
Person 171.3313 391.3735 10.0 12.0 0.0
Person 622.8313 163.3735 19.0 18.0 0.0
Person 480.3313 51.3735 12.0 22.0 0.0
Person 477.3313 89.3735 20.0 16.0 0.0
Person 530.3313 120.3735 18.0 16.0 0.0
Person 459.1411 69.8453 16.5297 25.76 0.890209
Person 396.3313 33.3735 16.0 24.0 0.0
Person 429.0181 5.1867 13.3735 10.3735 0.0
Person 410.3313 8.1867 16.0 16.3735 0.0
Person 344.3313 483.8735 28.0 15.0 0.0
