Car 281.2592 305.381 67.1987 26.4803 0.428046
Car 306.3285 263.8251 61.4045 23.751 0.428046
Car 328.3991 244.6292 62.2005 22.3465 0.428046
Car 351.3991 208.6292 62.2005 22.3465 0.428046
Car 362.537 189.464 55.1953 20.7829 0.451392
Car 380.0357 175.4653 57.0935 17.7218 0.427919
Car 392.2452 160.3005 59.971 18.3234 0.398236
Car 400.4417 142.9804 46.7615 18.3564 0.398236
Car 420.8906 129.9135 59.8569 21.381 0.398236
Car 454.3476 99.3349 46.0873 19.306 0.398236
Car 475.0909 86.9373 59.4691 21.4925 0.398236
Car 488.2526 72.8647 57.384 23.0767 0.398236
Car 587.8313 99.8735 61.0 31.0 0.0
Car 22.3313 285.3735 42.0 34.0 0.0
