Car 70.9728 52.9301 34.9473 20.4493 2.382616
Car 220.6183 18.3331 32.0048 19.4586 2.377869
Car 422.8313 169.8735 43.0 25.0 0.0
Car 189.5864 296.6196 44.5806 19.8732 0.395295
Car 207.5864 268.1196 45.2712 16.3344 0.395295
Car 222.5864 257.1196 45.2712 16.3344 0.395295
Car 240.5864 237.1196 45.2712 16.3344 0.395295
Car 246.6331 221.6974 34.2631 14.9985 0.395295
Car 260.5209 215.2765 46.3468 13.3785 0.395295
Car 269.0209 204.7765 51.3463 12.376 0.395295
Car 275.9189 194.8704 32.0751 14.4738 0.395295
Car 293.5024 186.7652 46.7616 11.692 0.395295
Car 315.7134 170.0354 30.6593 18.5426 0.299361
Car 334.5655 161.0145 42.4205 16.9621 0.299361
Car 346.7955 151.1616 36.2931 11.158 0.400463
Car 485.8016 146.9294 36.9902 13.8579 2.679776
Car 505.2161 153.052 36.4466 14.5301 2.538316
Car 521.7161 161.052 37.2701 13.9627 2.538316
Car 542.7496 167.9065 40.3437 16.946 2.538316
Car 565.7496 174.9065 41.4784 15.2991 2.538316
Car 583.4548 181.6329 37.4972 16.0841 2.538316
Car 605.4548 189.6329 37.4972 16.0841 2.408929
Car 626.3313 199.3735 26.0 32.0 0.0
