Person 481.3313 155.8735 18.0 17.0 0.0
Person 468.6911 119.7661 21.1458 14.1989 2.878195
Person 499.496 93.3365 14.4586 11.7476 2.856999
Person 432.8313 27.8735 13.0 21.0 0.0
Person 433.3313 63.3735 16.0 18.0 0.0
Person 416.455 43.6829 20.9028 13.1279 2.769038
Person 354.8313 147.3735 15.0 20.0 0.0
Person 54.3313 198.3735 20.0 20.0 0.0
Person 83.8313 250.8735 15.0 19.0 0.0
Person 171.3313 307.3735 16.0 22.0 0.0
Person 101.3313 286.8735 18.0 15.0 0.0
Person 128.3313 290.3735 16.0 22.0 0.0
Person 244.3313 325.8735 14.0 19.0 0.0
Person 170.3313 341.8735 14.0 17.0 0.0
Person 95.3313 333.3735 16.0 16.0 0.0
Person 21.3313 293.8735 18.0 13.0 0.0
Person 123.8313 352.3735 15.0 14.0 0.0
Person 126.8313 372.3735 19.0 12.0 0.0
Person 301.8313 452.8735 21.0 21.0 0.0
Person 200.8313 500.8735 17.0 19.0 0.0
