Person 101.0 79.0 10.0 18.0 0.0
Person 112.5 80.0 7.0 16.0 0.0
Person 168.5 109.0 9.0 20.0 0.0
Person 126.0 111.0 10.0 18.0 0.0
Person 243.5 189.5 9.0 21.0 0.0
Person 289.0 176.0 8.0 18.0 0.0
Person 289.0 204.0 8.0 20.0 0.0
Person 221.7105 503.5 13.4211 17.0 0.0
Person 564.0 331.0 10.0 20.0 0.0
Person 503.0 260.5 10.0 21.0 0.0
Person 461.0 279.5 8.0 21.0 0.0
Person 454.5 280.5 7.0 19.0 0.0
Person 448.5 282.5 7.0 21.0 0.0
Person 388.5 262.0 9.0 20.0 0.0
Person 440.5 178.0 9.0 20.0 0.0
Person 385.5 206.0 7.0 18.0 0.0
Person 368.0 224.5 10.0 21.0 0.0
Person 633.0 88.0 6.0 18.0 0.0
Person 591.0 20.5 8.0 15.0 0.0
Person 550.0 15.5 6.0 15.0 0.0
Person 555.0 15.5 6.0 15.0 0.0
Person 562.0 16.0 6.0 18.0 0.0
DontCare 571.5 17.5 11.0 17.0 0.0
DontCare 470.5 54.5 47.0 37.0 0.0
Person 281.5 55.4773 9.0 19.0 0.0
