Person 380.3313 159.3735 26.0 24.0 0.0
Person 321.8313 221.8735 17.0 19.0 0.0
Person 236.3313 216.3735 18.0 18.0 0.0
Person 283.3313 237.8735 16.0 17.0 0.0
Person 302.8313 244.8735 15.0 17.0 0.0
Person 222.8313 251.8735 15.0 21.0 0.0
Person 371.8313 292.8735 21.0 21.0 0.0
Person 265.0307 292.1137 21.0587 12.7289 0.564805
Person 218.8313 301.3735 15.0 20.0 0.0
Person 412.8313 343.8735 15.0 19.0 0.0
Person 343.8313 384.8735 19.0 13.0 0.0
Person 319.8313 359.8735 15.0 17.0 0.0
Person 294.3313 358.3735 14.0 14.0 0.0
Person 390.8313 399.3735 17.0 18.0 0.0
Person 634.3313 110.3735 10.0 32.0 0.0
