Bicycle 316.3313 41.8735 57.7192 25.3277 2.713581
Bicycle 312.5138 16.1867 48.365 32.3735 0.0
Bicycle 333.3337 50.6227 58.0986 15.208 2.428723
Bicycle 347.1675 63.8396 54.1291 22.333 2.706493
Bicycle 361.1246 87.7474 62.2267 23.6879 2.7666
Bicycle 378.2721 115.7905 69.2735 23.4209 2.7666
Bicycle 380.2721 142.7905 62.958 23.7575 2.7666
Bicycle 384.1992 172.8352 71.3029 28.9743 2.7666
Bicycle 438.1405 95.5835 56.4502 36.4045 2.865364
Bicycle 511.8313 117.3735 19.8861 57.1799 0.724405
Bicycle 510.3313 151.3735 55.0467 26.7929 2.69341
Bicycle 536.4288 199.3956 62.5448 26.9955 2.991503
Bicycle 570.8313 192.3735 19.0 52.0 0.0
Bicycle 468.0639 209.6913 63.1684 21.5737 2.892938
Bicycle 488.0222 248.1737 64.7501 33.9321 2.774049
Bicycle 399.057 246.6453 61.1723 34.8933 2.774049
Bicycle 344.8313 275.8735 58.8411 33.9959 3.089738
Bicycle 414.3313 272.3735 56.4425 29.7026 2.774049
Bicycle 433.8313 299.3735 52.6347 22.5962 2.774049
Bicycle 450.3313 318.3735 61.3841 22.271 2.396186
Bicycle 300.0236 322.2013 56.6995 26.6414 2.462452
Bicycle 374.8509 332.0396 67.5316 27.8563 2.768601
Bicycle 395.8509 382.0396 67.5316 27.8563 2.768601
Bicycle 587.3509 272.0396 68.7868 21.9045 2.768601
Bicycle 593.3599 287.3404 61.9442 20.9327 2.768601
Bicycle 594.8599 314.8404 56.9236 21.8235 2.768601
