Car 68.8313 428.8735 65.3522 121.4376 0.188965
Car 205.7462 445.3744 54.9497 117.0766 0.318309
Car 330.3313 467.1867 76.0 87.6265 0.0
Car 457.3313 469.1867 76.0 83.6265 0.0
Bicycle 569.8904 137.235 59.6121 26.245 0.326747
Bicycle 627.6657 158.8735 22.6687 31.0 0.0
Bicycle 506.8313 103.3735 64.032 19.414 1.111265
Bicycle 451.5336 105.5105 63.5666 17.8943 1.393531
Bicycle 312.2791 67.2576 59.1291 19.5778 1.527745
Bicycle 419.8313 28.6867 29.0 57.3735 0.0
Bicycle 366.3313 23.1867 32.0 46.3735 0.0
Bicycle 302.3313 14.6867 34.0 29.3735 0.0
