Bicycle 132.1441 208.9559 43.3397 23.5727 0.846385
Bicycle 437.5091 286.2292 26.1644 14.93 2.440251
Bicycle 450.5091 293.2292 26.1644 14.93 2.440251
Bicycle 463.5091 304.2292 26.1644 14.93 2.440251
Bicycle 463.3313 323.3735 38.7056 18.9176 2.306475
Bicycle 502.6627 332.73 31.5015 18.7704 2.623667
Bicycle 516.5473 347.1748 34.9255 20.7525 2.609487
Bicycle 524.984 360.263 37.6743 15.5447 2.804785
Bicycle 534.3726 373.8911 17.2995 35.3587 0.932303
Bicycle 558.5181 398.3773 36.863 22.3524 2.608111
Bicycle 532.3313 423.3735 36.57 24.5487 2.85091
Bicycle 512.4891 454.6054 19.4198 36.5741 0.604875
Bicycle 564.1641 447.8638 37.7267 25.9022 2.455299
Bicycle 588.6417 465.659 29.4396 39.2262 0.962782
Bicycle 612.9409 429.2682 17.0957 28.0469 0.707301
Bicycle 578.9418 501.6867 29.2209 20.6265 0.0
Bicycle 225.5222 55.177 14.0053 29.5635 2.272677
Bicycle 331.5801 191.1991 15.1721 31.0148 0.353343
Bicycle 297.9537 185.0555 22.2373 36.1799 0.598461
Bicycle 279.8313 164.8735 23.1183 32.1799 0.770226
Bicycle 252.1845 164.7584 18.4402 34.6682 0.532314
Bicycle 255.8313 136.3735 12.3487 22.4613 2.997693
Bicycle 220.5769 151.0832 13.4294 26.6208 3.138604
Bicycle 241.8313 137.3735 15.0 28.0 2.962685
Bicycle 273.8313 130.8735 17.0 19.0 0.0
Car 80.3313 365.8735 93.0552 46.0622 2.532856
Car 135.4891 415.9936 105.1103 62.0025 2.532856
Car 40.3313 483.3735 80.0 56.0 0.0
Car 232.8313 494.3735 93.0 34.0 0.0
