Person 158.5 57.5 9.0 19.0 0.0
Person 138.5 157.0 9.0 18.0 0.0
Person 98.5 154.5 11.0 19.0 0.0
Person 61.5 154.5 11.0 17.0 0.0
Person 228.0 196.5 10.0 17.0 0.0
Person 221.0 216.0 10.0 18.0 0.0
Person 271.5 208.0 9.0 14.0 0.0
Person 130.0 489.5 10.0 23.0 0.0
Person 485.5 468.0 11.0 22.0 0.0
Person 483.5 349.0 11.0 20.0 0.0
Person 397.5 266.5 11.0 19.0 0.0
Person 311.0 256.5 8.0 17.0 0.0
Person 319.5 254.0 9.0 18.0 0.0
Person 594.5 322.0 11.0 24.0 0.0
Person 625.0 332.0 14.0 26.0 0.0
DontCare 354.5 52.5 55.0 43.0 0.0
DontCare 445.625 13.5 47.25 27.0 0.0
DontCare 573.5 8.4643 27.0 16.9286 0.0
Person 322.5 175.6842 7.0 18.0 0.0
DontCare 538.0 78.0 70.0 46.0 0.0
Person 598.2971 8.9643 10.5942 17.9286 0.0
Person 612.5018 8.4643 11.0036 16.9286 0.0
