Person 33.5 72.0 11.0 18.0 0.0
Person 56.5 84.0 9.0 16.0 0.0
Person 147.5 102.5 5.0 15.0 0.0
Person 272.5 57.5 7.0 17.0 0.0
Person 276.5 109.5 7.0 17.0 0.0
Person 283.0 117.5 6.0 17.0 0.0
Person 328.0 211.5 8.0 19.0 0.0
Person 348.0 252.5 10.0 23.0 0.0
Person 138.0 448.0 16.0 22.0 0.0
Person 534.5 432.0 9.0 22.0 0.0
Person 434.5 413.5 9.0 19.0 0.0
Person 520.0 354.0 6.0 20.0 0.0
Person 514.5 355.0 7.0 20.0 0.0
Person 507.5 356.0 7.0 20.0 0.0
Person 371.5 335.5 7.0 19.0 0.0
Person 432.0 310.0 8.0 20.0 0.0
Person 359.5 288.5 9.0 21.0 0.0
Person 471.0 258.0 8.0 20.0 0.0
Person 482.0 249.0 10.0 20.0 0.0
Person 372.0 203.5 8.0 19.0 0.0
Person 428.0 189.0 8.0 16.0 0.0
Person 531.5 16.0 9.0 20.0 0.0
Person 542.0 18.5 8.0 19.0 0.0
Person 551.0 20.5 8.0 19.0 0.0
Person 560.5 17.0 9.0 16.0 0.0
Person 541.0 287.1842 10.0 21.0 0.0
DontCare 461.0 52.1842 52.0 43.0 0.0
