Car 167.8313 491.6867 105.0 38.6265 0.0
Car 175.8993 449.4324 111.9958 46.1624 0.323898
Car 197.7452 404.0514 103.8635 41.7596 0.323898
Car 211.4112 356.5167 100.9581 40.0041 0.287697
Car 231.0068 310.6935 100.8505 42.4905 0.287697
Car 245.4439 260.0748 102.6573 44.7557 0.405102
Car 298.4439 170.0748 100.073 43.6061 0.366837
Car 317.9439 121.0748 100.2892 41.3805 0.366837
Car 335.9439 78.0748 102.1561 40.6631 0.366837
Car 512.7525 115.0516 100.5382 40.6811 3.101849
Car 621.1657 27.1867 35.6687 54.3735 0.0
