Bicycle 370.7685 86.6641 17.2871 52.7332 0.068856
Bicycle 352.1454 86.0694 20.0902 53.3524 0.068856
Bicycle 275.7308 95.7755 25.2415 58.2257 0.178923
Bicycle 225.3412 93.6158 27.0165 60.2595 3.092383
Bicycle 200.8313 90.8735 15.1661 39.1406 2.988014
Bicycle 293.3313 148.8735 34.9863 58.3177 0.088431
Bicycle 252.4065 151.3286 29.2399 59.7409 0.088431
Bicycle 189.6351 202.3777 26.9935 63.8298 3.135555
Bicycle 162.7157 196.2323 20.9815 57.8011 0.06637
Bicycle 140.9247 184.8792 26.9406 64.9183 0.06637
Bicycle 110.7658 185.7689 21.1527 56.737 0.06637
Bicycle 86.7128 190.0675 20.6885 51.353 0.06637
Bicycle 50.6677 203.9597 20.9343 54.9789 3.134437
Bicycle 67.7107 190.6823 15.7945 53.0878 2.866116
Bicycle 27.1677 196.9597 27.9199 57.0289 3.134437
Bicycle 7.1657 192.4563 13.9601 51.9357 3.134437
Bicycle 256.1652 219.643 30.7118 56.0104 0.103463
Bicycle 286.667 216.6404 25.7091 55.9187 0.017277
Bicycle 316.3744 211.0728 18.1959 44.4026 0.089368
Bicycle 340.2694 207.9532 16.4903 54.4283 2.880406
Bicycle 258.107 276.1263 31.7563 54.0081 0.460476
Bicycle 320.0519 274.681 31.057 58.1176 0.042513
Bicycle 369.1129 274.7474 24.9349 58.2451 0.042513
Bicycle 279.8313 326.8735 16.1009 56.9804 2.950747
Bicycle 415.3065 338.5865 18.2587 59.4465 2.739855
Bicycle 467.2385 328.157 21.8883 62.0202 2.32549
Bicycle 533.8313 348.3735 23.4466 58.0281 1.729192
Bicycle 608.1574 359.3233 23.8139 57.1936 2.034854
