Person 406.3313 175.8735 16.0 17.0 0.0
Person 366.3313 174.8735 16.0 17.0 0.0
Person 593.3313 123.8735 13.1564 33.7625 0.511551
Person 432.3313 70.3735 16.0 20.0 0.0
Person 434.8313 31.8735 13.0 25.0 0.0
Person 414.8313 52.8735 20.9636 16.0788 2.739531
Person 353.3313 19.3735 16.1309 29.1169 0.493546
Person 349.4217 6.1867 16.1807 12.3735 0.0
Person 328.8313 229.3735 17.0 14.0 0.0
Person 295.3313 200.3735 14.0 18.0 0.0
Person 289.8313 226.8735 13.0 17.0 0.0
Person 129.8313 168.8735 15.0 17.0 0.0
Person 153.8313 227.3735 19.0 16.0 0.0
Person 138.8313 259.3735 15.0 16.0 0.0
Person 64.3313 262.3735 22.0 18.0 0.0
Person 62.3313 274.8735 20.0 13.0 0.0
Person 231.3313 314.3735 14.0 20.0 0.0
Person 253.8313 329.3735 17.0 16.0 0.0
Person 137.8313 366.3735 17.0 14.0 0.0
Person 155.3313 385.8735 14.0 17.0 0.0
Person 135.8313 386.3735 17.0 14.0 0.0
Person 261.8313 468.8735 33.0 21.0 0.0
Person 259.8313 489.8735 19.0 19.0 0.0
Person 4.3313 465.3735 8.0 14.0 0.0
