Person 146.0 59.5 8.0 19.0 0.0
Person 94.0 145.5 8.0 19.0 0.0
Person 165.0 182.0 10.0 20.0 0.0
Person 189.0 181.5 8.0 19.0 0.0
Person 299.5 173.0 7.0 20.0 0.0
Person 255.5 212.5 7.0 15.0 0.0
Person 268.5 242.5 7.0 17.0 0.0
Person 275.0 241.5 6.0 17.0 0.0
Person 280.5 240.0 7.0 18.0 0.0
Person 431.5 433.0 11.0 26.0 0.0
Person 489.0 373.0 10.0 22.0 0.0
Person 570.5 331.5 9.0 17.0 0.0
Person 617.0 319.0 10.0 20.0 0.0
Person 394.0 281.0 10.0 20.0 0.0
DontCare 335.5 57.5 47.0 37.0 0.0
Person 412.0 17.0 6.0 18.0 0.0
Person 419.0 24.5 8.0 13.0 0.0
Person 422.0 17.5 8.0 15.0 0.0
Person 453.0 13.0 8.0 18.0 0.0
Person 471.0 22.5 8.0 17.0 0.0
Person 542.5 11.0 9.0 20.0 0.0
Person 552.0 4.0 8.0 8.0 0.0
Person 569.2 6.5 10.4 13.0 0.0
Person 481.5 27.6842 9.0 14.0 0.0
DontCare 522.0 93.6842 56.0 44.0 0.0
