Person 427.3313 214.8735 16.0 27.0 0.0
Person 451.575 10.6867 18.4874 21.3735 0.0
Person 450.767 39.757 11.7013 24.8209 0.562034
Person 533.3313 76.3735 12.0 20.0 0.0
Person 512.4946 88.5408 30.3667 11.6751 2.661642
Person 526.3313 111.8735 18.0 21.0 0.0
Person 512.3313 8.1867 14.0 16.3735 0.0
Person 446.3313 74.3735 14.0 18.0 0.0
Person 436.3313 130.3735 14.0 32.0 0.0
Person 319.3313 252.8735 24.0 17.0 0.0
Person 227.8313 224.8735 17.0 17.0 0.0
Person 172.8313 234.8735 19.0 19.0 0.0
Person 118.8313 261.8735 21.0 21.0 0.0
Person 257.8313 277.3735 13.0 18.0 0.0
Person 115.8313 288.8735 15.0 23.0 0.0
Person 158.8313 300.3735 13.0 20.0 0.31338
Person 289.8313 300.3735 19.0 10.0 0.0
Person 260.8313 302.3735 17.0 24.0 0.0
Person 311.3313 344.8735 14.0 19.0 0.0
Person 225.8313 388.3735 17.0 18.0 0.0
Person 199.8313 380.3735 17.0 16.0 0.0
Person 333.3313 467.3735 16.0 18.0 0.0
Person 209.8313 391.3735 13.0 16.0 0.0
