Person 43.5 101.5 13.0 19.0 0.0
Person 180.0 123.5 10.0 17.0 0.0
Person 206.0 92.0 10.0 18.0 0.0
Person 307.5 96.5 9.0 17.0 0.0
Person 330.5 168.0 9.0 18.0 0.0
Person 38.0 279.0 10.0 22.0 0.0
Person 27.0 290.5 10.0 21.0 0.0
Person 48.5 306.5 9.0 23.0 0.0
Person 508.0 481.5 10.0 17.0 0.0
Person 568.0 356.0 8.0 18.0 0.0
Person 557.5 342.0 9.0 20.0 0.0
Person 596.0 225.0 10.0 20.0 0.0
Person 573.0 221.5 12.0 19.0 0.0
Person 554.0 199.5 10.0 19.0 0.0
Person 512.5 222.0 9.0 16.0 0.0
Person 496.0 213.0 8.0 18.0 0.0
Person 488.5 217.5 7.0 17.0 0.0
Person 455.0 201.5 10.0 21.0 0.0
Person 438.5 195.5 9.0 19.0 0.0
Person 390.0 94.5 8.0 17.0 0.0
Person 414.5 80.5 9.0 19.0 0.0
Person 446.0 8.5 10.0 17.0 0.0
DontCare 601.0 65.1842 50.0 47.0 0.0
