Bicycle 582.8313 439.3735 13.0 40.0 0.0
Bicycle 607.3313 468.8735 21.1917 37.0933 2.337807
Bicycle 632.8313 497.6401 13.0 22.5333 0.0
Bicycle 551.3313 421.8735 17.7881 39.6054 0.209194
Bicycle 560.8349 382.8705 36.3721 20.585 2.453089
Bicycle 581.8818 352.9048 16.9581 33.2897 0.823667
Bicycle 536.4368 365.5463 39.7599 20.7931 2.488307
Bicycle 568.532 342.7622 33.8044 14.1974 2.502233
Bicycle 491.226 370.5269 16.2641 36.6088 0.436285
Bicycle 509.3313 344.8735 38.0533 23.1721 2.919031
Bicycle 550.8453 333.0659 35.0688 15.6981 2.391962
Bicycle 530.3313 321.8735 36.0122 21.8203 2.525528
Bicycle 505.3313 292.3735 38.1998 19.3074 2.95673
Bicycle 496.8079 276.4011 37.6827 20.1877 2.932957
Bicycle 479.3785 263.877 27.8743 17.0262 2.809017
Bicycle 444.8921 243.864 30.6757 17.9899 2.809017
Bicycle 432.9012 230.7721 27.6171 18.3349 2.57956
Bicycle 292.1942 134.0423 30.6724 19.377 2.596423
Bicycle 274.1942 121.0423 30.6724 19.377 2.423631
Bicycle 247.1828 118.4631 31.8487 20.4688 2.187012
Bicycle 271.3313 95.3735 22.0 16.0 0.0
Bicycle 226.5314 109.85 28.8749 17.2128 2.635185
Bicycle 223.2343 22.1446 25.5493 16.0972 0.577379
Car 81.9841 296.9706 84.892 40.7648 2.642376
Car 139.8313 339.8735 94.7253 58.8313 2.642376
Car 229.3282 423.3678 95.9229 54.7482 2.642376
Car 108.6469 456.6183 104.0777 52.7537 2.642376
Car 288.7105 466.5688 93.2112 43.0167 2.642376
Car 45.7967 399.1806 79.8683 44.8521 2.642376
Car 342.8313 497.3735 65.0 28.0 0.0
