Person 321.8313 12.3735 17.0 20.0 0.0
Person 429.3313 20.8735 14.0 21.0 0.0
Person 411.6502 39.4849 26.567 13.9412 2.812589
Person 426.8313 56.3735 16.2828 20.1958 0.41137
Person 480.3313 86.8735 30.0 21.0 0.0
Person 466.8313 144.8735 19.0 17.0 0.0
Person 433.8313 131.3735 17.0 22.0 0.0
Person 435.8313 159.3735 13.0 20.0 0.0
Person 618.3313 161.3735 16.0 18.0 0.0
Person 69.3313 168.3735 22.0 20.0 0.0
Person 80.8313 236.3735 17.0 16.0 0.0
Person 34.3313 294.8735 22.0 23.0 0.0
Person 100.3313 283.3735 16.0 16.0 0.0
Person 121.3313 283.8735 18.0 17.0 0.0
Person 133.8866 308.6244 11.1256 19.0923 2.847358
Person 193.3313 290.8735 10.0 13.0 0.0
Person 248.3313 315.3735 18.0 16.0 0.0
Person 178.8313 341.3735 13.0 24.0 0.0
Person 164.8313 337.8735 15.0 17.0 0.0
Person 126.3313 368.3735 18.0 16.0 0.0
Person 103.3313 376.8735 12.0 15.0 0.0
Person 236.3313 431.8735 20.0 17.0 0.0
Person 323.8313 447.3735 17.0 14.0 0.0
