Person 504.0 338.6842 10.0 22.0 0.0
Person 610.0 332.6842 12.0 24.0 0.0
Person 513.5 405.6842 11.0 22.0 0.0
Person 404.0 438.6842 12.0 24.0 0.0
Person 378.0 371.6842 10.0 26.0 0.0
Person 416.5 297.6842 11.0 20.0 0.0
Person 48.5 127.9583 9.0 20.0 0.0
Person 86.5 138.9583 9.0 18.0 0.0
Person 148.5 153.9583 9.0 20.0 0.0
Person 145.0 60.9583 8.0 20.0 0.0
DontCare 334.0 57.4583 48.0 41.0 0.0
Person 397.5 29.9583 9.0 20.0 0.0
Person 443.0 25.9583 10.0 20.0 0.0
Person 432.0 20.9744 8.0 18.0 0.0
Person 423.5 26.9744 9.0 18.0 0.0
Person 406.0 22.4744 8.0 17.0 0.0
DontCare 509.5 89.4744 59.0 43.0 0.0
Person 542.0 10.9744 8.0 16.0 0.0
Person 585.627 4.9872 7.2541 9.9744 0.0
Person 298.5 173.9744 7.0 20.0 0.0
Person 255.5 212.5 5.0 15.0 0.0
Person 242.5 218.5 7.0 17.0 0.0
Person 237.0 217.5 4.0 15.0 0.0
Person 231.5 220.5 7.0 19.0 0.0
