Person 258.8313 166.8735 15.0 19.0 0.0
Person 232.8313 189.3735 19.0 34.0 0.0
Person 229.3313 225.8735 16.0 19.0 0.0
Person 241.5283 234.2741 14.8565 24.0214 0.346786
Person 176.3313 245.3735 12.0 24.0 0.0
Person 181.8313 255.3735 11.0 20.0 0.0
Person 628.1657 82.578 23.6687 18.409 0.0
Person 222.1577 302.5621 16.211 26.5584 0.055243
Person 239.8313 305.3735 21.0 18.0 0.0
Person 501.3313 356.8735 20.0 25.0 0.0
Person 590.3313 292.8735 22.0 17.0 0.0
Person 585.8313 341.3735 13.0 16.0 0.0
Person 575.2263 426.5736 14.2611 21.3629 0.424194
Person 144.8313 339.3735 17.0 12.0 0.0
Person 168.8313 352.3735 17.0 20.0 0.0
Person 155.8313 383.3735 21.0 22.0 0.0
Person 212.3313 379.3735 14.0 16.0 0.0
Person 180.8313 393.3735 19.0 20.0 0.0
Person 257.3313 438.3735 20.0 18.0 0.0
Person 109.704 401.3506 9.6744 24.7468 2.569849
Person 91.3313 418.8735 20.0 15.0 0.0
Person 200.3313 434.8735 16.0 23.0 0.0
Person 168.3313 420.3735 12.0 22.0 0.0
Person 153.0231 454.7777 12.0272 24.3948 2.660874
Person 58.3313 481.8735 18.0 19.0 0.0
Person 110.3313 497.8735 14.0 17.0 0.0
Person 533.0509 504.6867 15.4391 14.6265 0.0
Person 634.4884 507.1867 10.3141 9.6265 0.0
