Car 304.3313 431.8735 93.6722 36.6949 0.482922
Car 335.8513 352.1242 84.9548 35.0572 0.482922
Car 365.8513 315.1242 84.9548 35.0572 0.482922
Car 393.3513 242.6242 87.1474 32.7784 0.482922
Car 407.3513 209.1242 82.2979 36.4503 0.482922
Car 428.3513 178.6242 83.6048 34.6359 0.482922
Car 445.0293 146.3181 84.8766 29.0754 0.404168
Car 464.9907 117.3221 86.4932 32.7439 0.434368
Car 483.0491 84.7936 83.4342 30.8638 0.455106
Car 532.8464 33.1867 78.5497 35.4552 0.455106
Car 558.3313 12.8735 68.0 25.0 0.0
