Person 296.3313 157.8735 18.2235 33.6587 2.647784
Person 288.3313 173.8735 24.0 23.0 0.0
Person 184.3313 155.3735 18.0 18.0 0.0
Person 221.8313 208.8735 13.0 19.0 0.0
Person 359.3313 198.3735 16.0 18.0 0.0
Person 326.8313 214.8735 25.0 15.0 0.0
Person 263.8313 266.8735 15.0 17.0 0.0
Person 239.8313 267.3735 17.0 16.0 0.0
Person 374.3313 298.8735 24.0 17.0 0.0
Person 414.8313 347.8735 17.0 19.0 0.0
Person 322.8313 365.8735 17.0 15.0 0.0
Person 280.4103 365.5194 9.8158 19.789 2.486286
Person 631.6657 86.6255 16.6687 32.5039 0.0
