Person 264.3313 168.3735 18.0 22.0 0.0
Person 224.7885 198.2681 15.1763 20.8641 2.865514
Person 248.3313 224.8735 12.0 19.0 0.0
Person 259.3313 230.3735 13.9232 24.62 0.656582
Person 178.9218 251.8824 14.7364 33.9291 2.709701
Person 237.8313 300.8735 19.0 29.0 0.0
Person 145.3313 343.3735 18.0 14.0 0.0
Person 169.3313 355.8735 18.0 19.0 0.0
Person 215.3313 384.3735 14.0 14.0 0.0
Person 158.8313 387.8735 19.0 25.0 0.0
Person 184.3313 396.3735 24.0 20.0 0.0
Person 116.3313 396.3735 14.0 16.0 0.0
Person 84.8313 428.3735 15.0 18.0 0.0
Person 159.3313 460.3735 14.0 18.0 0.0
Person 175.8313 426.8735 15.0 15.0 0.0
Person 199.8313 460.3735 19.0 16.0 0.0
Person 258.003 441.4665 18.7425 12.7524 2.375135
Person 62.3313 498.3735 22.0 12.0 0.0
Person 107.5767 506.6867 14.4907 10.6265 0.0
Person 308.5442 5.6867 10.4257 11.3735 0.0
Person 612.8313 85.8735 17.0 21.0 0.0
Person 602.3313 253.8735 16.0 25.0 0.0
Person 599.6845 331.0194 21.3503 25.8887 0.137895
Person 490.8313 354.3735 17.0 18.0 0.0
Person 576.0207 430.9354 14.9036 19.3131 0.113454
Person 534.9217 506.6867 15.1807 10.6265 0.0
