Person 236.5 88.4535 7.0 17.0 0.0
Person 149.0 187.4535 6.0 17.0 0.0
Person 155.5 181.4535 7.0 17.0 0.0
Person 161.0 209.9535 8.0 20.0 0.0
Person 248.5 244.9535 9.0 22.0 3.095757
Person 171.0 239.9535 10.0 22.0 0.0
Person 166.0 299.9535 10.0 20.0 0.0
Person 236.5 393.4535 11.0 23.0 0.0
Person 244.5 416.4535 9.0 19.0 0.0
Person 136.4618 507.4767 12.9236 9.0465 0.0
Person 143.5 493.4535 9.0 23.0 0.0
Person 637.5 160.9535 3.0 16.0 0.0
Person 542.5 34.4535 11.0 19.0 0.0
Person 482.0 41.9535 8.0 18.0 0.0
