Person 388.8313 184.3735 13.0 30.0 0.0
Person 279.8313 203.3735 19.0 16.0 0.0
Person 374.3313 231.8735 18.0 25.0 0.0
Person 287.8313 238.3735 11.0 18.0 0.0
Person 332.3313 251.8735 10.0 21.0 0.0
Person 352.2232 255.1061 26.4031 11.2674 2.642246
Person 302.8313 271.3735 13.0 16.0 2.953006
Person 274.8313 275.8735 17.0 13.0 0.0
Person 395.9049 306.5523 25.0081 15.0615 0.485796
Person 433.3313 358.8735 16.0 17.0 0.0
Person 340.8313 369.8735 17.0 15.0 0.0
Person 307.3313 368.8735 18.0 13.0 0.0
Person 611.0 108.682 12.4651 30.5943 0.397526
Person 634.6657 113.3576 10.6687 17.9683 0.0
Person 634.1657 91.9206 11.6687 19.0942 0.0
