Person 145.0 60.0 8.0 20.0 0.0
Person 71.0 138.0 8.0 18.0 0.0
Person 127.0 160.0 10.0 18.0 0.0
Person 170.5 168.0 7.0 20.0 0.0
Person 299.0 174.0 8.0 20.0 0.0
Person 254.0 213.0 8.0 14.0 0.0
Person 260.5 229.0 7.0 16.0 0.0
Person 247.5 232.5 7.0 17.0 0.0
Person 254.0 231.0 6.0 16.0 0.0
Person 443.5 481.0 9.0 24.0 0.0
Person 497.0 390.5 10.0 21.0 0.0
Person 403.0 401.5 10.0 21.0 0.0
Person 405.5 291.0 11.0 20.0 0.0
DontCare 334.0 56.5 46.0 37.0 0.0
Person 405.0 33.5 6.0 13.0 0.0
Person 409.5 20.5 7.0 19.0 0.0
Person 417.5 20.0 7.0 20.0 0.0
Person 443.0 19.0 10.0 18.0 0.0
Person 462.0 28.0 10.0 16.0 0.0
Person 474.5 31.5 9.0 15.0 0.0
Person 497.5 89.5 9.0 17.0 0.0
Person 513.0 88.0 8.0 12.0 0.0
Person 542.0 11.5 8.0 17.0 0.0
Person 548.15 4.5 6.3 9.0 0.0
Person 579.6364 5.0 7.2727 10.0 0.0
