Person 290.8313 123.8735 17.0 25.0 0.0
Person 421.8313 179.8735 19.0 15.0 0.0
Person 414.3313 208.8735 14.0 25.0 0.0
Person 62.3313 377.3735 28.0 22.0 0.0
Person 338.3313 222.8735 14.0 19.0 0.0
Person 323.2988 213.2069 13.3602 20.5997 0.372068
Person 329.3313 266.8735 18.0 11.0 0.0
Person 384.8313 269.8735 25.0 25.0 0.0
Person 200.8313 451.8735 25.0 15.0 0.0
Person 460.3313 334.3735 24.0 18.0 0.0
Person 493.5078 388.2164 15.3861 21.6565 2.386158
Person 396.3313 388.3735 18.0 16.0 0.0
Person 372.8313 380.8735 13.0 17.0 0.0
Person 71.3313 487.3735 28.0 20.0 0.0
Person 13.9638 459.8341 25.0324 11.7911 2.595373
Person 16.8313 488.3735 21.0 20.0 0.0
Person 5.1657 442.221 10.3313 14.3049 0.0
