Person 444.3313 10.8735 24.0 17.0 0.0
Person 494.4923 21.5997 14.9542 25.8777 0.721655
Person 538.8313 79.8735 13.0 23.0 0.0
Person 456.6103 44.7012 13.3515 19.6097 0.658268
Person 446.8313 93.8735 21.0 21.0 0.0
Person 517.3313 94.8735 30.0 13.0 2.924733
Person 533.3313 116.3735 22.0 18.0 0.0
Person 445.3313 125.8735 16.0 21.0 0.0
Person 462.8313 209.3735 15.0 22.0 0.0
Person 214.7824 218.393 10.4559 14.6318 0.67064
Person 158.8313 233.3735 17.0 16.0 0.0
Person 134.3313 268.3735 23.0017 27.9807 0.772093
Person 295.3313 259.3735 20.0 18.0 0.0
Person 315.8313 348.3735 15.0 14.0 0.0
Person 161.8313 314.3735 19.0 16.0 0.0
Person 264.3313 290.8735 16.0 23.0 0.0
Person 243.8313 302.3735 19.0 18.0 0.0
Person 273.3313 317.3735 22.0 20.0 0.0
Person 230.8313 391.3735 17.0 18.0 0.0
Person 200.3313 396.8735 16.0 15.0 0.0
Person 318.3313 456.3735 18.0 20.0 0.0
