Person 397.8313 194.3735 13.0 28.0 0.0
Person 419.3313 202.8735 20.0 31.0 0.0
Person 290.3313 228.3735 16.0 28.0 0.0
Person 308.8313 231.3735 17.0 16.0 0.0
Person 313.8313 271.8735 19.0 17.0 0.0
Person 272.3313 271.8735 18.0 19.0 0.0
Person 363.8313 276.8735 13.0 25.0 0.0
Person 377.8313 269.8735 11.0 17.0 0.0
Person 44.3313 403.3735 20.0 20.0 0.0
Person 32.3892 507.6867 18.1157 8.6265 0.0
Person 418.3313 312.3735 18.0 16.0 0.0
Person 335.8313 368.8735 13.0 15.0 0.0
Person 360.8313 374.8735 15.0 15.0 0.0
Person 456.3313 362.8735 18.0 19.0 0.0
Person 437.8313 479.3735 21.0 14.0 0.0
Person 402.8313 483.8735 15.0 21.0 0.0
