Person 92.0 129.0 8.0 20.0 0.0
Person 136.5 59.5 7.0 17.0 0.0
Person 273.5 160.5 7.0 19.0 0.0
Person 202.5 191.5 7.0 19.0 0.0
Person 212.5 189.5 5.0 17.0 0.0
Person 208.0 191.5 4.0 17.0 0.0
Person 540.0 437.0 8.0 20.0 0.0
Person 363.5 385.5 9.0 19.0 0.0
Person 432.0 315.0 10.0 18.0 0.0
Person 442.5 332.5 11.0 23.0 0.0
Person 326.0 319.0 10.0 22.0 0.0
Person 249.0 211.5 8.0 15.0 0.0
Person 611.0 56.0 10.0 18.0 0.0
Person 548.5 84.0 9.0 20.0 0.0
Person 485.5 88.5 7.0 19.0 0.0
DontCare 523.0 84.5 28.0 47.0 0.0
DontCare 328.5 53.5 47.0 39.0 0.0
Person 384.5 26.0 7.0 20.0 0.0
Person 409.5 17.0 7.0 20.0 0.0
Person 401.5 18.0 7.0 18.0 0.0
Person 531.0 11.5 10.0 17.0 0.0
Person 540.4286 6.0 6.8571 12.0 0.0
Person 551.0 3.0 8.0 6.0 0.0
Person 569.0 9.5 8.0 17.0 0.0
Person 584.0 3.5 6.0 7.0 0.0
Person 598.5 9.0 9.0 18.0 0.0
