Car 426.3313 463.1867 76.0 95.6265 0.0
Car 301.8313 468.6867 65.0 84.6265 0.0
Car 179.8313 470.1867 65.0 81.6265 0.0
Bicycle 583.3313 106.8735 49.9081 19.2401 0.7311
Bicycle 548.8313 116.3735 68.0644 31.7528 0.489783
Bicycle 486.8881 124.8999 61.9816 27.7123 0.303059
Bicycle 410.9336 120.4959 59.9337 26.8003 0.050266
Bicycle 343.8313 112.3735 57.6414 23.632 0.715909
Bicycle 291.1201 126.9392 63.4154 22.801 1.114249
Bicycle 154.1439 136.4665 59.233 20.1925 1.198098
Bicycle 236.5382 69.118 65.6443 26.9783 1.530727
Bicycle 187.2243 73.0167 65.7496 30.355 1.479643
Bicycle 122.5994 83.9273 56.6505 38.4376 1.768906
Bicycle 41.3313 25.6867 22.0 51.3735 0.0
Bicycle 13.8313 22.1867 21.0 44.3735 0.0
Bicycle 112.3313 27.1867 34.0 54.3735 0.0
Bicycle 143.3313 24.1867 26.0 48.3735 0.0
Bicycle 172.3313 19.1867 20.0 38.3735 0.0
Bicycle 200.3313 14.6867 24.0 29.3735 0.0
