Person 111.8313 7.6867 13.0 15.3735 0.0
Person 122.8313 315.8735 21.0 23.0 0.0
Person 76.3313 295.3735 22.0 20.0 0.0
Person 117.7271 344.0886 9.9377 24.654 2.788214
Person 65.6866 318.9051 23.1329 9.9926 2.536651
Person 58.8313 338.3735 25.0 22.0 0.0
Person 73.3313 335.8735 16.3919 26.0827 0.780482
Person 27.8313 347.3735 21.0 20.0 0.0
Person 451.8313 240.8735 17.0 25.0 0.0
Person 132.3313 426.8735 18.0 15.0 0.0
Person 79.8313 415.8735 19.0 21.0 0.0
Person 76.3313 448.3735 18.0 30.0 0.0
Person 42.8313 463.8735 23.0 17.0 0.0
Person 106.3313 449.3735 18.0 18.0 0.0
Person 462.3313 288.8735 16.0 17.0 0.0
Person 389.8313 362.8735 17.0 19.0 0.0
Person 576.3313 279.3735 18.0 16.0 0.0
Person 554.8313 292.8735 13.0 19.0 0.0
Person 491.8313 337.3735 17.0 22.0 0.0
Person 513.3313 341.8735 26.0 19.0 0.0
Person 570.8313 411.8735 21.0 21.0 0.0
Person 474.3313 435.8735 14.0 17.0 0.0
Person 500.8313 464.8735 23.0 15.0 0.0
Person 525.8313 457.8735 19.0 21.0 0.0
Person 476.3313 493.8735 22.0 23.0 0.0
