Person 119.5 96.0 9.0 18.0 0.0
Person 265.0 94.5 6.0 17.0 0.0
Person 271.0 101.0 6.0 16.0 0.0
Person 278.5 54.5 7.0 19.0 0.0
Person 17.5 431.5 15.0 21.0 0.0
Person 508.5 401.5 9.0 21.0 0.0
Person 414.5 377.0 7.0 18.0 0.0
Person 499.0 342.5 6.0 17.0 0.0
Person 511.5 341.5 7.0 17.0 0.0
Person 505.5 341.5 5.0 19.0 0.0
Person 554.5 296.0 11.0 22.0 0.0
Person 486.0 253.0 8.0 20.0 0.0
Person 481.5 267.0 9.0 20.0 0.0
Person 420.0 291.5 10.0 19.0 0.0
Person 352.0 310.0 10.0 18.0 0.0
Person 332.0 252.0 10.0 18.0 0.0
Person 338.5 240.5 9.0 19.0 0.0
Person 428.5 185.5 9.0 19.0 0.0
Person 373.5 202.0 7.0 18.0 0.0
Person 561.5 20.0 9.0 22.0 0.0
Person 549.5 10.0 11.0 20.0 0.0
Person 537.5 13.0 9.0 24.0 0.0
Person 312.0 192.5 8.0 19.0 0.0
DontCare 459.0 50.6842 50.0 46.0 0.0
