Person 153.5 108.0 11.0 18.0 0.0
Person 209.0 128.0 6.0 16.0 0.0
Person 258.5 103.0 9.0 18.0 0.0
Person 36.5 252.0 9.0 20.0 0.0
Person 46.5 286.5 9.0 19.0 0.0
Person 8.0 276.0 8.0 22.0 0.0
Person 493.0 486.5 10.0 25.0 0.0
Person 615.5 414.0 11.0 24.0 0.0
Person 578.0 376.0 8.0 20.0 0.0
Person 529.4945 251.1768 11.0328 24.1904 0.161048
Person 517.0 278.5 10.0 21.0 0.0
Person 573.5 220.0 7.0 20.0 0.0
Person 514.0 221.5 8.0 17.0 0.0
Person 469.0 238.5 10.0 21.0 0.0
Person 399.5 221.0 11.0 22.0 0.0
Person 416.5 127.5 7.0 17.0 0.0
Person 420.0 95.5 8.0 17.0 0.0
Person 383.0 91.0 6.0 16.0 0.0
Person 460.5 22.5 9.0 17.0 0.0
DontCare 594.5 60.0 53.0 48.0 0.0
Person 532.5 170.5 9.0 19.0 0.0
Person 600.0 206.1842 12.0 21.0 0.0
