Person 133.0 85.0 10.0 16.0 0.0
Person 144.0 87.5 8.0 17.0 0.0
Person 198.5 118.5 9.0 17.0 0.0
Person 173.5 125.5 11.0 19.0 0.0
Person 286.5 55.0 7.0 18.0 0.0
Person 301.0 185.5 8.0 19.0 0.0
Person 262.0 207.0 8.0 18.0 0.0
Person 226.0 499.5 12.0 21.0 0.0
Person 551.5 320.0 11.0 20.0 0.0
Person 501.0 260.0 10.0 20.0 0.0
Person 470.5 288.0 7.0 20.0 0.0
Person 466.0 290.5 8.0 21.0 0.0
Person 458.0 291.0 8.0 20.0 0.0
Person 407.5 283.5 9.0 19.0 0.0
Person 376.5 235.0 9.0 22.0 0.0
Person 439.5 176.5 7.0 17.0 0.0
Person 385.5 205.0 7.0 16.0 0.0
Person 582.0 17.5 8.0 19.0 0.0
Person 569.0 19.5 10.0 21.0 0.0
Person 553.5 14.5 7.0 19.0 0.0
Person 561.0 17.0 8.0 18.0 0.0
DontCare 470.0 53.0 44.0 38.0 0.0
Person 309.0 230.0 10.0 22.0 0.0
Person 628.5 99.1842 11.0 25.0 0.0
