Person 402.8313 177.3735 17.0 18.0 0.0
Person 6.3313 20.0917 12.0 20.5636 0.0
Person 78.6088 280.1914 18.9625 13.8843 0.562348
Person 423.3313 258.3735 16.0 22.0 0.0
Person 46.3313 323.8735 16.0 23.0 0.0
Person 16.8313 328.8735 15.0 17.0 0.0
Person 26.8313 350.8735 21.0 23.0 0.0
Person 40.8313 343.8735 17.0 19.0 0.0
Person 60.3313 348.3735 16.0 20.0 0.0
Person 71.8313 354.3735 15.0 20.0 0.0
Person 91.3313 437.8735 16.0 27.0 0.0
Person 79.7871 453.9121 13.8148 24.6899 0.580166
Person 61.3313 455.8735 16.0 17.0 0.0
Person 36.3313 425.8735 20.0 19.0 0.0
Person 17.3313 425.3735 18.0 16.0 0.0
Person 18.8313 471.3735 17.0 14.0 0.0
Person 491.3313 278.8735 12.0 19.0 0.0
Person 503.8313 268.3735 15.0 16.0 0.0
Person 482.8313 298.3735 11.0 20.0 0.0
Person 427.8313 313.8735 19.0 17.0 0.0
Person 312.8313 348.8735 17.0 17.0 0.0
Person 339.8313 362.3735 37.0 16.0 0.0
Person 528.3313 381.3735 20.0 20.0 0.0
Person 431.8313 412.8735 15.0 13.0 0.0
Person 456.3313 423.3735 14.0 16.0 0.0
Person 527.8313 428.3735 17.0 18.0 0.0
Person 503.3313 440.8735 22.0 13.0 0.0
Person 394.3313 501.8735 30.0 15.0 0.0
