Car 32.6657 311.3735 65.3313 92.0 0.0
Bicycle 443.8313 87.8735 41.2374 22.5716 2.662053
Bicycle 460.1244 106.3606 48.4067 28.9586 2.662053
Bicycle 474.8104 130.1391 61.2021 27.9202 2.617286
Bicycle 479.8313 153.8735 62.3711 26.5302 2.36165
Bicycle 503.3979 158.0497 50.9459 20.8944 2.257357
Bicycle 516.1927 171.3349 51.9866 25.4153 2.616361
Bicycle 535.1167 188.3505 60.3335 25.1892 2.616361
Bicycle 558.5295 209.1373 70.4456 30.5997 2.554756
Bicycle 562.8593 238.1334 62.1312 26.5118 2.554756
Bicycle 574.8593 262.6334 75.4418 28.4688 2.554756
Bicycle 560.8313 370.3735 67.3748 37.7577 2.802865
Bicycle 606.5338 331.593 60.7761 30.9519 2.440369
Bicycle 528.3313 424.8735 56.4397 28.3472 2.26917
Bicycle 603.5754 420.6157 64.238 29.1047 2.507182
Bicycle 624.6657 474.8735 28.6687 33.0 0.0
Bicycle 621.1657 355.8735 35.6687 35.0 0.0
