Person 28.387 409.839 29.833 19.8817 0.460542
Person 324.8313 369.8735 15.0 17.0 0.0
Person 350.8313 373.3735 15.0 14.0 0.0
Person 257.1631 276.4112 14.8513 21.9454 0.509071
Person 308.8313 278.3735 13.0 12.0 0.0
Person 292.8313 289.8735 17.0 17.0 0.0
Person 285.3313 305.3735 22.0 16.0 0.0
Person 362.8313 231.8735 15.0 21.0 0.0
Person 351.8313 257.8735 19.0 23.0 0.0
Person 345.8313 276.8735 15.0 27.0 2.901736
Person 405.7683 309.325 23.5851 15.7665 0.578524
Person 445.3313 359.8735 18.0 19.0 0.0
Person 434.8313 494.8735 15.0 27.0 0.0
