Person 106.0 93.0 10.0 22.0 0.0
Person 90.0 125.5 10.0 17.0 0.0
Person 198.0 95.5 10.0 17.0 0.0
Person 220.0 152.0 10.0 20.0 0.0
Person 294.5 89.5 7.0 15.0 0.0
Person 438.0 497.5 10.0 25.0 0.0
Person 561.0 493.0 10.0 22.0 0.0
Person 601.95 508.5 11.9 7.0 0.0
Person 580.5 423.0 9.0 22.0 0.0
Person 628.5 431.5 13.0 25.0 0.0
Person 470.5 327.0 11.0 24.0 0.0
Person 520.5 228.0 9.0 20.0 0.0
Person 500.0 214.0 10.0 20.0 0.0
Person 483.5 207.5 9.0 19.0 0.0
Person 433.0 214.0 10.0 22.0 0.0
Person 405.0 201.0 8.0 16.0 0.0
Person 396.0 199.5 8.0 17.0 0.0
Person 349.0 177.0 12.0 22.0 0.0
Person 334.5 75.5 7.0 17.0 0.0
Person 360.5 4.9744 9.0 8.0 0.0
Person 601.5 294.1842 11.0 21.0 0.0
DontCare 521.0 62.6842 46.0 42.0 0.0
Person 614.6748 28.8373 13.1536 25.2542 0.145968
Person 633.3313 30.8735 12.0 21.0 0.0
