Person 383.3313 181.3735 10.0 16.0 0.0
Person 383.3313 197.8735 20.0 19.0 0.0
Person 385.3313 218.3735 18.0 16.0 0.0
Person 402.8313 261.3735 19.0 16.0 0.0
Person 47.8313 491.3735 17.0 16.0 0.0
Person 12.3313 493.3735 22.0 14.0 0.0
Person 349.3313 203.8735 10.0 17.0 0.451894
Person 316.3313 282.8735 12.0 15.0 0.0
Person 406.8313 298.3735 25.0 24.0 0.0
Person 387.8313 293.8735 15.0 23.0 0.0
Person 437.3313 319.3735 28.0 20.0 0.0
Person 464.3313 374.3735 18.0 16.0 0.0
Person 370.8313 377.3735 17.0 14.0 0.0
Person 337.3313 372.8735 18.0 15.0 0.0
