Person 144.5 60.0 9.0 20.0 0.0
Person 57.0 131.5 8.0 19.0 0.0
Person 100.0 146.5 10.0 19.0 0.0
Person 155.0 160.5 10.0 21.0 0.0
Person 298.5 176.0 7.0 20.0 0.0
Person 255.5 214.5 7.0 15.0 0.0
Person 247.0 221.5 8.0 17.0 0.0
Person 238.0 224.0 12.0 20.0 0.0
Person 415.5 453.0 9.0 22.0 0.0
Person 506.5 401.5 11.0 21.0 0.0
Person 385.5 383.0 11.0 24.0 0.0
Person 621.5 334.0 9.0 24.0 0.0
Person 413.5 297.0 11.0 22.0 0.0
Person 541.0 11.0 12.0 18.0 0.0
Person 451.0 27.0 8.0 18.0 0.0
Person 399.0 31.5 10.0 17.0 0.0
Person 408.0 23.5 8.0 19.0 0.0
Person 418.5 23.0 9.0 16.0 0.0
Person 438.0 20.5 8.0 15.0 0.0
Person 438.5 34.5 11.0 15.0 0.0
DontCare 335.5 57.1842 53.0 37.0 0.0
DontCare 520.0 93.1842 62.0 47.0 0.0
