Person 143.0 57.9583 8.0 20.0 0.0
Person 108.5 150.9583 9.0 18.0 0.0
Person 43.0 141.4583 8.0 19.0 0.0
Person 10.5 146.4583 9.0 19.0 0.0
Person 187.0 198.9583 8.0 20.0 0.0
Person 202.0 187.9583 8.0 20.0 0.0
Person 301.5 171.4583 9.0 19.0 0.0
Person 256.5 209.9583 7.0 20.0 0.0
DontCare 287.0 247.9583 18.0 24.0 0.0
Person 102.5208 506.4792 11.0417 11.0417 0.0
Person 452.0 449.4583 10.0 27.0 0.0
Person 481.5 360.4583 11.0 21.0 0.0
Person 599.0 317.9583 8.0 20.0 0.0
Person 591.0 331.9583 8.0 28.0 0.0
Person 386.5 272.9583 11.0 20.0 0.0
Person 425.0 17.9583 8.0 18.0 0.0
Person 414.0 14.9583 10.0 22.0 0.0
Person 544.9884 8.9792 9.9769 17.9583 0.0
Person 580.2243 7.9792 8.4485 15.9583 0.0
Person 556.4167 5.9792 6.8333 11.9583 0.0
Person 604.4048 2.9792 6.8095 5.9583 0.0
DontCare 456.5 14.4583 21.0 27.0 0.0
DontCare 339.5 52.9583 59.0 46.0 0.0
Person 487.5 83.4583 7.0 19.0 0.0
Person 534.5 80.1842 11.0 19.0 0.0
