Person 290.3313 95.3735 22.0 24.0 0.0
Person 410.1869 139.0398 18.9735 32.0009 2.436548
Person 378.3313 174.8735 20.0 17.0 0.0
Person 311.3313 185.8735 18.0 17.0 0.0
Person 41.3313 428.8735 14.0 25.0 0.0
Person 91.3313 491.3735 22.0 12.0 0.0
Person 395.8313 226.8735 28.5175 20.3163 0.590446
Person 311.8313 267.8735 17.0 25.0 0.0
Person 328.3313 280.3735 16.0 20.0 0.0
Person 424.8313 318.8735 23.0 19.0 0.0
Person 460.3313 369.3735 22.0 18.0 0.0
Person 341.8313 373.3735 15.0 16.0 0.0
Person 367.8313 378.8735 17.0 17.0 0.0
Person 391.3313 419.3735 10.0 18.0 0.0
Person 422.3313 460.8735 16.0 21.0 0.0
