Person 87.5 102.0 11.0 18.0 0.0
Person 190.0 125.0 6.0 16.0 0.0
Person 227.0 95.5 12.0 19.0 0.0
Person 37.5 268.0 9.0 20.0 0.0
Person 22.0 286.5 12.0 21.0 0.0
Person 54.5 299.5 9.0 19.0 0.0
Person 514.5 471.0 9.0 22.0 0.0
Person 588.5 376.5 9.0 19.0 0.0
Person 566.5 355.0 9.0 20.0 0.0
Person 571.5 220.0 7.0 18.0 0.0
Person 505.0 229.0 6.0 16.0 0.0
Person 510.5 225.0 5.0 18.0 0.0
Person 514.0 223.0 4.0 16.0 0.0
Person 546.5 188.0 9.0 20.0 0.0
Person 478.5 229.0 9.0 20.0 0.0
Person 452.0 211.0 10.0 20.0 0.0
Person 358.0 187.0 10.0 22.0 0.0
Person 398.5 104.5 7.0 21.0 0.0
Person 416.5 85.5 7.0 19.0 0.0
Person 337.5 90.5 7.0 17.0 0.0
DontCare 598.5 61.5 55.0 47.0 0.0
Person 451.5 14.0 9.0 18.0 0.0
Person 593.5 218.1842 9.0 23.0 0.0
