Car 235.7519 279.5591 98.6802 40.9867 2.732682
Car 390.291 306.3129 86.5283 37.7636 2.646529
Car 439.5837 355.615 93.728 56.8744 2.646529
Car 343.2187 405.9963 87.8904 53.561 2.869004
Car 66.212 465.6354 115.1161 52.3487 2.773952
Car 524.0471 445.3747 95.1301 48.2759 2.763229
Car 400.5193 469.0783 101.8255 51.4331 2.763229
Bicycle 570.6609 494.1867 86.6591 35.6265 0.0
Bicycle 616.3313 164.8735 24.781 15.0633 2.877984
Bicycle 596.8688 147.102 30.0828 14.896 2.877984
Bicycle 575.5572 146.3621 29.0204 15.9145 2.738496
Bicycle 556.9728 121.4191 20.0008 13.9555 0.099067
Bicycle 547.883 134.3229 21.7932 14.327 0.099067
Bicycle 598.8744 120.9211 23.6341 12.7981 2.847723
Bicycle 579.3313 125.3735 16.0 8.0 0.0
Bicycle 581.8313 118.3735 21.0 12.0 0.0
Bicycle 558.7974 44.1683 16.0603 29.8082 2.611243
