Person 408.3313 148.8735 16.0 17.0 0.0
Person 575.8313 143.8735 15.0 23.0 0.0
Person 435.8313 37.8735 13.0 23.0 0.0
Person 434.8313 74.8735 15.0 19.0 0.0
Person 418.8313 56.3735 19.0 18.0 0.0
Person 380.8313 191.3735 21.0 20.0 0.0
Person 356.8313 13.8735 17.0 25.0 0.0
Person 308.3313 245.3735 14.0 12.0 0.0
Person 279.8313 218.3735 17.0 16.0 0.0
Person 268.3313 236.3735 22.0 20.0 0.0
Person 140.8313 181.8735 17.0 25.0 0.0
Person 138.8313 230.8735 13.0 17.0 0.0
Person 257.8313 299.8735 13.0 17.0 0.0
Person 138.3313 275.3735 14.0 18.0 0.0
Person 255.8313 334.8735 15.0 13.0 0.0
Person 61.3313 263.3735 16.0 20.0 0.0
Person 48.3313 273.3735 14.0 18.0 0.0
Person 144.0266 374.3705 17.48 10.918 0.558599
Person 170.3313 394.3735 16.0 14.0 0.0
Person 135.4698 391.5657 16.4323 12.1452 0.650421
Person 303.3313 482.8735 28.0 23.0 0.0
Person 310.8313 501.3735 31.0 14.0 0.0
