Person 52.0405 4.1867 11.4184 8.3735 0.0
Person 115.3313 255.3735 20.0 22.0 0.0
Person 80.8313 287.8735 35.0 19.0 0.0
Person 22.8313 295.3735 17.0 22.0 0.0
Person 452.3313 202.3735 28.0 16.0 0.463648
Person 48.6839 310.4954 12.5714 18.9443 0.377424
Person 44.8313 332.8735 9.0 17.0 0.0
Person 69.8313 323.3735 17.0 26.0 0.0
Person 64.8313 346.8735 15.0 19.0 0.0
Person 89.3313 327.3735 14.0 22.0 0.0
Person 104.8313 334.8735 15.0 19.0 0.0
Person 111.0902 419.5685 12.3047 13.6755 2.435126
Person 37.3313 407.3735 16.0 16.0 0.0
Person 57.3313 407.3735 18.0 22.0 0.0
Person 95.8313 425.8735 15.0 13.0 0.0
Person 78.8313 438.3735 13.0 16.0 0.0
Person 99.3313 440.8735 18.0 19.0 0.0
Person 36.0529 453.0836 12.5801 20.5111 2.348176
Person 17.8313 491.8735 15.0 13.0 0.0
Person 12.0885 504.1867 11.5143 15.6265 0.0
Person 527.8313 263.3735 19.0 18.0 0.0
Person 517.8313 293.8735 19.0 23.0 0.0
Person 507.8313 320.3735 17.0 18.0 0.0
Person 454.8313 298.8735 19.0 29.0 0.0
Person 426.8313 328.3735 19.0 20.0 0.0
Person 390.8313 347.8735 13.0 17.0 0.0
Person 387.3313 362.8735 24.0 27.0 0.0
Person 550.3313 399.3735 18.0 22.0 0.0
Person 452.3313 423.8735 14.0 17.0 0.0
Person 475.8313 436.8735 15.0 19.0 0.0
Person 546.8313 436.8735 15.0 25.0 0.0
Person 553.3313 459.8735 24.0 11.0 0.0
Person 407.4233 503.6867 24.184 16.6265 0.0
