Person 25.0 72.5 10.0 19.0 0.0
Person 37.5 74.5 7.0 15.0 0.0
Person 91.5 96.0 9.0 16.0 0.0
Person 15.5 96.0 11.0 18.0 0.0
Person 181.0 163.5 10.0 17.0 0.0
Person 222.5 171.0 9.0 18.0 0.0
Person 243.0 163.5 8.0 19.0 0.0
Person 246.5 54.5 7.0 17.0 0.0
Person 210.0 487.5 10.0 25.0 0.0
Person 591.5 496.0 13.0 26.0 0.0
Person 556.0 344.0 10.0 22.0 0.0
Person 480.5 264.5 9.0 21.0 0.0
DontCare 412.5 265.0 19.0 22.0 0.0
Person 415.5 178.0 7.0 18.0 0.0
Person 360.5 208.5 7.0 15.0 0.0
Person 326.5 206.5 9.0 19.0 0.0
Person 330.5 234.0 9.0 18.0 0.0
Person 618.5 83.0 9.0 18.0 0.0
Person 539.0 19.5 10.0 27.0 0.0
Person 525.5 16.5 11.0 19.0 0.0
DontCare 442.5 53.6842 47.0 44.0 0.0
