Person 396.6343 9.6867 16.6059 19.3735 0.0
Person 420.6343 9.6867 16.6059 19.3735 0.0
Bicycle 388.3313 29.3735 22.0 14.0 2.942037
Bicycle 425.3313 28.8735 28.0 13.0 0.0
Bicycle 403.2963 40.956 27.7124 11.7016 2.769816
Bicycle 418.7207 46.8728 28.5527 15.5094 2.924692
Bicycle 423.8313 64.3735 27.0285 21.4116 2.756303
Bicycle 469.3313 173.3735 28.0 18.0 0.0
Bicycle 463.8313 192.8735 29.0 19.0 0.0
Bicycle 567.3313 240.3735 18.0 20.0 0.0
Bicycle 490.8016 262.3463 28.4592 19.8743 2.906981
Bicycle 538.4568 218.697 22.7655 16.5419 2.928492
Bicycle 459.8313 271.3735 31.0 20.0 0.0
Bicycle 431.3383 286.5619 29.259 17.4533 2.533922
Bicycle 568.4534 259.7791 31.2986 21.338 3.014201
Bicycle 536.8313 272.3735 27.9922 20.1354 2.709921
Bicycle 474.5088 312.5493 27.1945 17.8647 2.965537
Bicycle 466.3313 293.3735 28.0 18.0 0.0
Bicycle 589.6332 286.1999 25.2679 11.1346 2.764683
Bicycle 592.9532 302.4895 32.2764 19.1453 2.843992
Bicycle 444.3313 336.8735 30.2134 19.2912 2.540273
Bicycle 460.3313 355.8735 28.0 29.0 0.0
Bicycle 457.8313 383.8735 21.0 29.0 0.0
Bicycle 459.3313 416.3735 16.0 32.0 0.0
Bicycle 468.9254 439.8162 19.9302 30.311 0.161048
Bicycle 477.2409 454.59 13.5573 27.6575 0.699531
Bicycle 490.4139 487.9606 17.9836 42.449 2.382603
Car 77.3268 91.3719 90.4288 39.5034 3.038664
Car 186.3917 137.3994 84.5931 38.878 3.107222
Car 198.8917 179.3994 89.3153 47.0451 3.107222
Car 101.1309 197.6923 82.1484 41.2352 3.024575
Car 106.8313 253.8735 85.542 45.3052 3.049252
Car 213.7425 252.3174 88.3813 34.4084 3.049252
Car 229.8238 300.5399 88.0904 34.1551 3.113499
Car 230.3725 344.9109 93.6223 35.5049 2.989648
Car 238.3453 392.5506 96.7088 47.0489 3.066347
