Car 25.6657 86.8735 51.3313 31.0 0.0
Car 170.8313 48.3735 63.0 26.0 0.0
Car 168.8313 98.8735 55.0 29.0 0.0
Car 165.8313 127.8735 67.0 29.0 0.0
Car 228.8313 128.3735 47.0 20.0 0.0
Car 230.3313 155.8735 48.0 19.0 0.0
Car 226.8313 175.8735 53.0 19.0 0.0
Car 219.8313 197.3735 51.0 24.0 0.0
Car 229.3313 95.8735 38.0 29.0 0.0
Car 231.0783 72.9491 41.7939 19.1981 2.993593
Bicycle 411.3313 60.8735 10.0 11.0 0.0
Bicycle 409.3313 40.8735 10.0 15.0 0.0
Bicycle 417.8313 42.3735 7.0 26.0 0.0
Bicycle 433.8313 30.3735 11.0 16.0 0.0
Bicycle 379.3313 191.3735 16.0 14.0 0.0
Bicycle 380.3388 217.4572 14.7164 43.5911 0.412966
Bicycle 383.8313 250.8735 15.0 21.0 0.0
Bicycle 381.8313 273.3735 27.3666 15.3645 2.237676
Bicycle 387.7018 296.6491 16.4129 11.0562 2.316725
Bicycle 487.3847 173.2151 14.2092 24.2093 0.6637
Bicycle 438.3508 129.127 13.4738 25.1825 0.422575
Person 98.8313 448.8735 21.0 33.0 0.0
