Car 21.1657 66.8735 42.3313 47.0 0.0
Car 35.1657 161.3735 70.3313 52.0 0.0
Car 111.88 26.7238 82.3015 36.3512 2.987625
Car 135.5494 163.6253 89.3546 39.0643 3.01528
Car 165.0294 242.6638 98.292 39.7071 3.078388
Car 173.2299 320.6383 111.7566 46.1638 2.962102
Car 181.955 395.6598 119.5308 48.076 3.052046
Bicycle 498.0928 490.5356 14.6929 37.0229 0.466357
Bicycle 483.8541 464.4629 33.0973 43.3299 0.466357
Bicycle 472.8334 427.0636 24.214 40.367 0.216084
Bicycle 470.1575 374.227 21.0283 40.6221 0.015423
Bicycle 468.7848 327.9689 25.6944 41.6002 0.612783
Bicycle 451.9223 294.6872 24.2972 42.7579 1.007601
Bicycle 489.121 255.1971 23.079 41.3276 1.414233
Bicycle 481.621 224.6971 22.3516 30.3062 1.414233
Bicycle 433.0286 210.2499 23.8018 36.1463 0.801126
Bicycle 535.6308 226.8615 19.2595 28.0127 1.361658
Bicycle 509.6878 171.2739 22.4617 37.4395 1.361658
Bicycle 523.1878 191.7739 18.9042 35.1277 1.361658
Bicycle 533.058 211.2013 17.8638 28.8499 1.587544
Bicycle 468.8313 183.3735 33.0 22.0 0.0
Bicycle 571.9994 184.6384 33.6136 22.6529 2.88171
Bicycle 631.1657 241.8735 15.6687 15.0 0.0
Bicycle 631.6657 225.8735 14.6687 15.0 0.0
Bicycle 632.6657 212.3735 12.6687 14.0 0.0
Bicycle 615.8313 162.8735 41.0 29.0 0.0
Bicycle 610.8313 131.3735 25.0 26.0 0.0
Bicycle 509.7049 127.2294 34.0532 15.7228 3.064821
Bicycle 506.9028 113.9823 32.5331 13.996 0.023807
Bicycle 513.0694 98.4863 39.0313 20.8512 0.023807
Bicycle 505.0694 71.9863 37.0556 21.8985 0.023807
Bicycle 482.6368 52.2474 36.392 18.3767 3.084018
Bicycle 482.0492 23.8033 29.067 27.5134 3.084018
