Bicycle 22.8313 16.1867 41.0 32.3735 0.0
Bicycle 35.3313 26.3735 48.2704 22.2255 2.347851
Bicycle 49.3313 43.6867 57.7582 25.9461 2.347851
Bicycle 177.3313 16.1867 54.0 32.3735 0.0
Bicycle 124.5893 41.7998 54.7293 22.6384 2.347851
Bicycle 152.519 59.363 52.8735 31.8364 2.347851
Bicycle 232.3683 42.0246 51.2942 19.7865 2.347851
Bicycle 245.3146 50.5876 49.344 20.5231 2.347851
Bicycle 254.8146 68.0876 45.1015 20.5585 2.347851
Bicycle 86.3146 90.5876 50.8644 33.2388 2.347851
Bicycle 108.8313 104.8735 48.9643 20.8926 2.249438
Bicycle 131.1996 117.816 41.2308 20.7411 2.249438
Bicycle 152.0524 123.1283 49.7084 23.53 2.148642
Bicycle 55.5723 134.8851 45.0509 27.8708 2.80987
Bicycle 100.3313 164.3735 56.4054 27.5397 2.295053
Bicycle 138.5723 188.0357 58.4798 25.7823 2.451848
Bicycle 44.3313 182.3735 47.822 18.359 1.878984
Bicycle 132.5843 265.0891 52.2371 22.3944 1.878984
Bicycle 172.7869 280.2032 52.4677 22.7983 1.565253
Bicycle 207.3319 327.3126 49.3757 27.0524 0.978812
Bicycle 247.8847 376.4168 50.5243 24.3766 1.101539
Bicycle 291.3313 407.3735 57.3166 33.687 1.295477
Bicycle 318.3313 422.3735 47.7603 24.8787 1.471069
Bicycle 374.6623 467.4885 53.2684 30.2124 0.073303
Bicycle 418.3313 497.6867 28.0 26.6265 0.0
Person 81.3313 275.8735 20.2121 39.7551 2.384177
