Bicycle 603.8313 177.3735 31.0 60.0 0.0
Bicycle 497.8313 91.8735 44.557 20.6075 0.372051
Bicycle 496.6041 115.9559 39.3311 18.7451 0.372051
Bicycle 449.0112 191.2246 44.7384 19.3587 0.372051
Bicycle 508.0461 272.6129 52.7854 22.8631 1.152138
Bicycle 619.4823 296.4643 55.2042 25.6951 1.338825
Bicycle 625.8313 361.3735 21.0 50.0 0.0
Bicycle 628.6657 432.8735 20.6687 53.0 0.0
Bicycle 370.1031 490.1867 50.0954 29.3247 2.871538
Bicycle 254.8313 499.1867 49.0 23.6265 0.0
Bicycle 192.8313 499.1867 37.0 23.6265 0.0
Bicycle 110.8313 503.6867 21.0 14.6265 0.0
Bicycle 75.3313 503.6867 28.0 14.6265 0.0
