Person 147.3313 327.8735 20.0 29.0 0.0
Person 362.8313 54.3735 17.0 30.0 0.0
Person 428.8085 52.0219 15.103 31.0386 0.127136
Person 411.1639 41.5386 20.1161 28.3514 0.192048
Car 22.6657 203.3735 45.3313 62.0 0.0
Car 26.6657 297.8735 53.3313 59.0 0.0
Car 57.6657 483.1867 115.3313 55.6265 0.0
Bicycle 356.8313 13.6867 39.0 27.3735 0.0
Bicycle 389.6858 20.2672 36.4988 17.0163 2.328128
Bicycle 393.0974 36.7789 35.4469 17.0051 2.480325
Bicycle 437.3659 243.9349 31.8119 18.9903 3.016625
Bicycle 441.0124 258.6506 40.4788 21.9091 2.758698
Bicycle 446.0335 279.6981 46.3205 25.628 2.915722
Bicycle 448.5335 299.6981 49.2443 24.9561 2.915722
Bicycle 469.5335 322.1981 42.7248 23.376 2.915722
Bicycle 528.7961 316.2402 17.0642 43.0181 0.354504
Bicycle 477.0335 339.6981 47.8218 23.2308 2.915722
Bicycle 482.3313 363.3735 46.1252 24.3407 3.060432
Bicycle 482.9675 385.1252 48.4954 20.1898 2.869099
Bicycle 487.8313 406.3735 57.4191 23.4104 2.869099
Bicycle 589.4267 385.4478 35.4933 15.264 2.583417
Bicycle 593.3313 404.3735 40.5111 23.2131 2.906823
Bicycle 607.3313 442.8735 53.6662 29.6131 0.011389
Bicycle 550.4418 440.5287 48.0366 31.0459 3.085512
Bicycle 563.4106 475.4642 52.3443 32.3256 3.021446
Bicycle 490.3479 462.5104 49.9833 30.5029 3.021446
Bicycle 501.3313 487.3735 47.8815 23.5661 2.911022
Bicycle 441.4276 481.8947 42.3189 28.0172 0.070705
