Bicycle 503.2015 435.2684 30.2456 48.0583 0.317585
Bicycle 496.4128 383.5805 52.7839 28.7363 0.941479
Bicycle 478.7875 334.4699 17.3895 38.3351 0.542822
Bicycle 467.2875 308.4699 30.2613 42.2486 0.542822
Bicycle 455.7813 274.9128 25.143 41.8399 0.139076
Bicycle 453.3734 223.622 22.3217 41.2861 0.009805
Bicycle 456.9409 184.279 23.6067 37.363 0.54582
Bicycle 435.8313 152.3735 24.4054 39.5649 0.881267
Bicycle 474.7212 115.8494 25.371 41.0223 1.562947
Bicycle 620.6657 96.8735 36.6687 21.0 0.0
Bicycle 623.1657 79.3735 31.6687 16.0 0.0
Bicycle 617.5148 67.6557 36.6518 14.6793 3.007848
Bicycle 566.3313 42.8735 12.0 23.0 0.0
Bicycle 544.3313 47.8735 12.0 19.0 0.0
Bicycle 540.3313 22.8735 18.0 19.0 0.0
Bicycle 418.2257 71.9793 28.0081 19.2224 2.863293
Bicycle 465.3313 77.8735 24.2627 18.6634 3.127643
Bicycle 515.0719 83.8544 23.7607 14.697 2.949551
Bicycle 502.1694 53.141 25.8058 15.6786 2.949551
Bicycle 511.1694 70.141 25.8058 15.6786 2.949551
Car 172.3595 247.9583 104.7409 53.5667 3.027225
Car 169.303 173.8499 111.2989 48.0624 3.027225
Car 166.4497 104.1955 107.5971 46.7403 3.138024
Car 143.8644 28.6641 110.4827 45.8418 3.08411
Car 33.6657 26.8735 67.3313 51.0 0.0
