Car 119.4161 259.022 131.9298 54.1175 2.95797
Car 109.4754 170.9182 138.7138 51.0977 2.95797
Car 97.5493 84.1865 127.0887 48.3645 3.033517
Car 47.8313 9.6867 91.0 19.3735 0.0
Bicycle 486.1221 458.3443 26.5437 50.4631 0.300477
Bicycle 474.2989 399.9231 28.996 54.3588 2.353976
Bicycle 453.8253 338.2539 15.0959 41.882 0.458218
Bicycle 439.35 309.8927 32.65 48.1842 0.388535
Bicycle 422.9655 269.2082 23.3435 45.3801 0.184398
Bicycle 419.6405 213.536 24.6833 46.0562 3.126367
Bicycle 413.5099 159.9957 28.4977 50.4181 0.614669
Bicycle 395.6429 125.1273 24.3528 49.0348 0.902108
Bicycle 434.3313 79.8735 38.0 17.0 0.0
Bicycle 423.3313 42.8735 32.0 17.0 0.0
Bicycle 480.7917 40.1425 30.835 15.6964 2.94054
Bicycle 473.7244 23.4524 34.4988 17.0756 2.94054
Bicycle 371.7325 29.6892 43.2197 19.0622 2.489951
Bicycle 408.8313 6.6867 37.0 13.3735 0.0
Bicycle 594.8313 49.8735 41.649 18.4217 2.879473
Bicycle 596.8402 32.6492 41.5792 15.9741 0.035715
Bicycle 595.5212 16.5763 42.9352 19.9515 0.035715
