Car 38.6657 28.3735 77.3313 52.0 0.0
Car 40.1657 280.8735 80.3313 55.0 0.0
Car 48.6657 408.8735 97.3313 59.0 0.0
Car 169.3031 151.2269 123.9476 48.124 3.094955
Car 181.9117 244.2856 137.2715 51.2349 3.063226
Car 186.4669 425.4621 132.4287 49.455 3.114302
Person 570.3313 66.8735 18.0 29.0 0.0
Person 543.7453 97.6324 21.0208 32.3536 0.056147
Person 570.7426 138.5181 19.4104 30.7939 0.201371
Bicycle 558.8223 19.7595 44.2831 26.3385 3.027026
Bicycle 589.1092 38.4394 25.0118 14.0595 2.875989
Bicycle 589.1092 52.4394 33.7812 15.8193 2.875989
Bicycle 593.8313 266.3735 33.0 16.0 0.0
Bicycle 596.8944 283.8889 39.1699 20.5962 2.90798
Bicycle 596.1572 304.441 45.876 21.0871 3.074056
Bicycle 595.9456 324.9215 49.5149 20.2918 3.074056
Bicycle 611.1466 351.7507 47.0953 20.1132 3.074056
Bicycle 615.6657 369.8735 46.6687 21.0 0.0
Bicycle 617.1657 395.3735 43.6687 22.0 0.0
Bicycle 615.1657 417.3735 47.6687 22.0 0.0
Bicycle 611.1657 436.8735 55.6687 23.0 0.0
Bicycle 606.3313 495.6867 48.0 30.6265 0.0
Bicycle 551.8313 501.1867 37.0 19.6265 0.0
