Car 109.5641 208.5605 78.0687 40.5771 2.981652
Car 198.8313 126.8735 34.8796 72.2317 0.494887
Car 236.7958 139.1931 34.096 71.1168 0.56052
Car 272.2958 157.1931 32.6183 74.4057 0.56052
Car 309.4827 170.1794 33.2525 84.1429 0.511631
Car 352.4138 184.297 33.0284 75.4735 0.487409
Car 385.4138 198.297 33.0284 75.4735 0.438854
Car 426.8774 212.2943 35.6146 74.1025 0.485635
Car 469.4794 222.4174 34.0046 73.0456 0.563826
Car 534.4864 248.7566 34.2909 73.6608 0.414891
Car 575.9864 263.2566 34.5851 76.8093 0.414891
Car 610.6657 278.2271 29.976 72.5292 0.414891
Car 630.1657 305.3735 17.6687 52.0 0.0
