Car 206.598 158.5434 48.8859 23.5909 0.156326
Car 215.9979 135.5049 40.0709 15.2628 0.264351
Car 227.7798 124.3105 43.9319 17.9772 0.264351
Car 237.1284 106.1342 44.5127 17.4546 0.264351
Car 242.3313 95.3735 34.7061 13.3973 0.264351
Car 249.7436 87.7876 40.6245 12.6283 0.264351
Car 255.7436 78.7876 40.6245 12.6283 0.264351
Car 260.5 69.5 33.0003 12.0407 0.264351
Car 269.573 62.6888 37.6236 13.2524 0.264351
Car 287.0092 46.0775 32.7174 13.775 0.264351
Car 298.5092 38.0775 38.0663 14.3991 0.264351
Car 311.5256 30.9053 34.6696 13.3323 0.264351
Car 373.0 39.9535 40.9653 22.3125 3.099913
Car 420.6229 21.1316 16.2302 29.8855 0.819259
Car 439.0 25.5 14.4567 29.9333 0.819259
Car 455.736 31.033 14.134 32.604 0.819259
Car 476.0 35.5 16.8726 34.3557 0.767745
Car 496.5 40.5 18.37 35.4477 0.707516
Car 512.4832 47.3705 18.0267 35.2274 0.59882
Car 533.1361 51.4181 19.5104 33.4057 0.648604
Car 555.0462 53.5221 18.2297 33.1495 0.718359
Car 587.5 63.0 17.1369 33.5757 0.718359
Car 606.4632 69.0307 15.8056 34.9867 0.718359
Car 623.5 73.9637 17.8662 28.98 0.592192
Car 634.5 79.0 9.0 24.0 0.0
Car 85.3313 27.8735 26.0 23.0 0.0
