Car 122.8313 450.8735 85.418 35.6898 0.211093
Car 136.3313 373.3735 74.9177 29.7883 0.254093
Car 153.4482 333.4648 78.2364 33.175 0.284755
Car 163.9482 263.4648 78.6343 30.9746 0.284755
Car 172.0925 232.4366 77.4727 33.2891 0.25679
Car 182.0925 199.4366 77.4727 33.2891 0.25679
Car 189.7836 168.0459 76.3363 30.6764 0.19165
Car 199.8069 137.275 74.0757 29.6362 0.236955
Car 212.4793 104.7348 76.5317 30.7145 0.317614
Car 245.1378 48.3294 74.8816 37.0663 0.292358
Car 257.8313 17.6867 71.0 35.3735 0.0
Car 400.8313 11.6867 75.0 23.3735 0.0
Car 621.3313 10.1867 34.0 20.3735 0.0
