Bicycle 26.3313 64.8735 52.0491 23.9142 2.28458
Bicycle 22.5735 115.6141 35.6008 45.902 0.187044
Bicycle 96.2229 83.2288 21.4122 50.492 0.543478
Bicycle 109.7229 89.2288 22.9457 47.2288 0.543478
Bicycle 122.2229 104.2288 16.5977 46.3907 0.543478
Bicycle 12.0229 179.2978 9.0941 28.6844 0.543478
Bicycle 33.1338 179.1091 17.4556 48.3634 0.286104
Bicycle 29.243 247.7252 49.9111 23.4142 2.307242
Bicycle 83.8313 328.8735 32.0325 51.2242 3.009376
Bicycle 39.5293 358.2739 28.626 55.3951 2.735185
Bicycle 128.9844 366.6302 21.1012 53.1695 2.238334
Bicycle 178.8313 407.3735 23.6533 53.5306 2.430795
Bicycle 226.8703 428.0182 32.6987 58.101 2.630994
Bicycle 257.7885 437.9368 27.0589 48.0277 2.866546
Bicycle 321.7724 471.0751 53.7346 31.4924 3.00335
Bicycle 374.3313 495.1867 30.0 31.6265 0.0
