OtherVehicle 77.3762 207.5401 59.0237 98.3931 0.421141
OtherVehicle 169.9146 69.9706 37.6603 56.7057 0.275208
OtherVehicle 229.3313 41.6867 62.0 83.3735 0.0
Car 193.214 22.7111 20.6037 26.3877 0.432408
Car 571.8313 88.3735 59.0 28.0 0.0
Car 629.6657 62.3735 18.6687 26.0 0.0
Car 332.8313 302.3735 59.9899 25.1041 0.36557
Car 348.3185 262.6509 58.5152 24.1211 0.36557
Car 364.8185 242.6509 58.7342 21.8957 0.389008
Car 379.0645 208.8782 61.2125 21.3712 0.389008
Car 384.3108 191.1065 60.0136 22.3928 0.411632
Car 396.1861 175.2908 59.2146 20.9488 0.353766
Car 404.1861 158.2908 59.2146 20.9488 0.353766
Car 415.1861 143.7908 55.1159 21.3965 0.353766
Car 425.6861 127.7908 59.8063 19.6643 0.353766
Car 453.6861 101.7908 59.3159 24.1095 0.353766
Car 468.1861 83.7908 57.6849 22.5797 0.353766
Car 477.1861 69.7908 58.3778 24.4559 0.353766
