OtherVehicle 169.1442 84.5433 40.8603 62.0098 0.279347
OtherVehicle 80.8313 214.3735 57.8301 90.7562 0.343242
OtherVehicle 230.6029 50.6867 41.1382 92.9507 0.343242
Car 193.5751 39.6001 28.7739 36.2449 0.442008
Car 572.8313 105.3735 59.0 26.0 0.0
Car 334.8313 321.3735 63.5307 26.9231 0.400837
Car 349.0839 281.479 60.6759 24.0177 0.400837
Car 367.0839 261.979 60.2857 23.097 0.400837
Car 380.5839 226.979 59.3649 23.4872 0.400837
Car 386.5839 206.479 50.0481 22.005 0.400837
Car 399.0839 192.979 59.5053 21.2555 0.400837
Car 406.2997 177.0524 61.5733 23.5966 0.356226
Car 417.4459 161.3159 54.3153 20.4576 0.356226
Car 426.9459 144.8159 57.4757 20.3486 0.356226
Car 457.1714 118.5347 56.6367 24.4854 0.380865
Car 468.3822 100.5081 54.7781 18.7092 0.380865
Car 478.8822 86.0081 56.0781 19.2658 0.380865
