Bicycle 584.4505 179.8021 17.3819 33.966 2.631107
Bicycle 569.0169 196.0201 18.5978 37.7435 2.543144
Bicycle 546.1027 221.9967 17.141 36.2956 2.436821
Bicycle 527.9499 232.8479 17.0465 40.3621 2.025842
Bicycle 475.5418 295.834 19.2325 39.5047 2.473044
Bicycle 464.5879 313.3734 18.5892 38.8389 2.473044
Bicycle 445.7942 326.1346 17.6396 37.4803 2.473044
Bicycle 412.7153 372.6677 14.3754 36.3199 2.473044
Bicycle 387.3904 409.054 12.843 32.6467 2.376046
Bicycle 381.4053 420.3845 12.7318 30.2672 2.214398
Bicycle 372.2254 426.2921 12.4003 27.0684 2.214398
Bicycle 365.5048 431.2519 11.5999 25.8673 2.214398
Bicycle 362.263 437.061 11.5501 28.0845 2.411077
Bicycle 355.263 442.061 11.5501 28.0845 2.411077
Bicycle 347.9616 448.4144 10.9397 33.857 2.411077
Bicycle 338.9616 453.4144 10.9397 33.857 2.273193
