Person 392.3313 17.3735 18.0 22.0 0.0
Person 322.8313 18.8735 11.0 17.0 0.0
Person 310.3313 21.8735 12.0 19.0 0.0
Person 357.8313 47.3735 13.0 20.0 0.0
Person 326.3313 53.3735 12.0 22.0 0.0
Person 367.3313 78.3735 14.0 20.0 0.0
Person 367.6635 104.9911 12.2841 22.7952 0.239232
Person 285.6288 289.2658 13.2475 23.803 0.232557
Person 518.3313 355.3735 12.0 20.0 0.54042
Person 490.8992 357.7678 12.234 19.3739 0.28158
Person 443.9805 387.6032 15.9628 21.0869 0.251095
Person 491.6002 405.8904 16.8091 19.398 0.251095
Person 522.6047 423.1652 16.9994 19.9137 0.337213
