Person 512.8313 342.3735 11.0 18.0 0.0
Person 473.3313 331.8735 14.0 25.0 0.0
Person 441.8313 326.8735 15.0 25.0 0.0
Person 401.8313 312.3735 13.0 20.0 0.0
Person 375.3313 308.3735 12.0 16.0 0.0
Person 425.4629 356.4557 11.8632 24.5061 0.189322
Person 413.3313 345.3735 14.0 22.0 0.0
Person 399.8313 350.3735 15.0 18.0 0.0
Person 446.3313 96.3735 16.0 24.0 0.0
Person 437.3313 124.3735 14.0 20.0 0.0
Person 413.8313 83.3735 13.0 20.0 0.0
Person 404.3313 73.8735 12.0 23.0 0.0
Person 413.8341 129.1272 16.1209 20.3688 0.145628
Person 405.8313 116.8735 11.0 19.0 0.0
Person 374.3313 129.3735 12.0 22.0 0.272548
