Bicycle 569.4614 20.7028 23.6262 16.2662 0.145895
Bicycle 563.2827 42.7686 32.0027 18.0264 0.327042
Bicycle 558.8313 77.8735 37.0072 16.5066 0.144645
Bicycle 550.8313 98.3735 35.5647 18.9777 2.86391
Bicycle 558.3313 190.8735 18.0 13.0 0.0
Bicycle 554.6229 60.7588 17.0596 11.6688 0.385681
Bicycle 554.3313 208.8735 20.0 15.0 0.0
Bicycle 542.0112 230.2608 39.9707 17.921 0.278884
Bicycle 544.3081 288.8102 35.7256 14.7804 0.213549
Bicycle 541.9656 333.5112 39.7171 13.6816 0.084626
Bicycle 547.8313 346.3735 29.0 10.0 0.0
Bicycle 547.3313 357.3735 20.0 8.0 0.0
Bicycle 549.8313 369.8735 17.0 13.0 0.0
Bicycle 543.3313 380.8735 24.0 9.0 0.0
Bicycle 542.3313 390.8735 26.0 11.0 0.0
Bicycle 538.8313 401.3735 27.0 12.0 0.0
