Person 456.3517 84.7236 14.6988 24.3428 0.259541
Person 516.8313 69.8735 12.5482 21.6459 0.485383
Person 522.3313 76.8735 14.0 13.0 0.0
Person 519.934 93.2212 11.0453 23.4495 0.094355
Person 518.8313 110.8735 11.0 15.0 0.0
Person 502.9203 121.2138 16.9691 27.3389 0.24877
Person 485.8313 115.8735 13.0 21.0 0.208752
Person 510.3313 155.3735 10.0 26.0 0.0
Person 488.8313 153.3735 11.0 22.0 0.089314
Person 348.8313 336.8735 13.0 21.0 0.0
Person 362.8313 387.3735 13.0 22.0 0.0
Person 534.3622 413.9945 13.0125 22.7936 0.139801
Person 540.3352 429.277 11.5194 22.1023 0.237652
Person 523.8313 441.8735 15.0 23.0 0.0
Person 492.7784 436.771 14.2571 23.0607 0.119
Person 477.207 454.5015 14.5147 17.3542 0.416702
