Person 517.3313 246.8735 10.0 19.0 0.0
Person 528.0223 198.176 14.6761 22.7959 0.292056
Person 519.3313 178.8735 12.0 17.0 0.0
Person 513.6034 203.8256 13.1112 21.5464 0.279367
Person 498.84 204.6451 13.0589 24.4568 0.083141
Person 476.3313 219.3735 16.0 26.0 0.0
Person 418.1909 179.4082 11.7036 14.7391 2.779245
Person 410.8313 197.3735 13.0 12.0 0.0
Person 489.3313 33.3735 10.0 20.0 0.0
Person 484.8313 13.8735 19.0 17.0 0.0
Person 445.9587 8.1867 13.2547 16.3735 0.0
Person 501.4441 4.6867 10.2256 9.3735 0.0
Person 479.0703 5.6867 9.4779 11.3735 0.0
Person 490.3313 4.8735 10.0 9.0 0.0
