Person 311.3313 101.8735 12.0 21.0 0.0
Person 298.8313 126.3735 11.0 22.0 0.0
Person 322.8313 112.8735 7.0 17.0 0.0
Person 314.3313 119.8735 10.0 19.0 0.0
Person 337.8313 113.8735 9.0 19.0 0.0
Person 348.3313 127.3735 10.0 22.0 0.0
Person 335.8313 137.8735 11.0 19.0 0.0
Person 328.3313 132.8735 8.0 19.0 0.0
Person 271.8313 272.8735 15.0 13.0 0.0
Person 357.8313 269.8735 11.0 25.0 0.0
Person 333.3313 277.3735 8.0 20.0 0.0
Person 330.3313 297.8735 12.0 19.0 0.0
Person 338.3313 313.8735 12.0 23.0 0.0
Person 298.3313 297.3735 12.0 18.0 0.0
Person 238.3313 351.8735 14.0 21.0 0.0
Person 546.3313 325.8735 12.0 17.0 0.0
Person 560.3313 338.8735 12.0 23.0 0.0
