Person 464.3313 311.8735 14.0 19.0 0.0
Person 441.8313 299.3735 13.0 22.0 0.0
Person 428.3313 301.3735 10.0 20.0 0.0
Person 423.3313 320.8735 12.0 23.0 0.0
Person 354.3313 292.3735 10.0 14.0 0.0
Person 391.8313 316.8735 11.0 13.0 0.0
Person 392.3313 328.3735 10.0 10.0 0.0
Person 392.8313 340.3735 9.0 16.0 0.0
Person 375.3313 150.3735 10.0 20.0 0.0
Person 398.8313 152.8735 11.0 15.0 0.0
Person 398.8313 165.8735 11.0 19.0 0.0
Person 425.3313 165.8735 12.0 19.0 0.0
Person 433.3313 146.3735 10.0 14.0 0.0
Person 420.3313 144.8735 16.0 15.0 0.0
