Person 520.3313 112.8735 8.0 19.0 0.0
Person 513.8313 121.8735 7.0 19.0 0.0
Person 500.3313 127.8735 10.0 19.0 0.0
Person 479.3313 119.3735 8.0 14.0 0.0
Person 481.8313 130.3735 11.0 14.0 0.0
Person 463.8313 111.8735 9.0 15.0 0.0
Person 447.3313 103.3735 10.0 18.0 0.0
Person 433.8313 110.8735 9.0 15.0 0.0
Person 430.3313 124.8735 8.0 15.0 0.0
Person 418.3313 117.3735 8.0 16.0 0.0
Person 315.8313 325.3735 11.0 16.0 0.0
Person 313.8313 339.3735 11.0 18.0 0.0
Person 300.3313 333.8735 10.0 15.0 0.0
Person 306.3313 348.3735 8.0 18.0 0.0
Person 295.3313 347.8735 6.0 15.0 0.0
Person 284.3313 336.8735 10.0 21.0 0.0
Person 268.3313 343.3735 12.0 22.0 0.0
Person 350.3313 444.8735 12.0 19.0 0.0
Person 334.3313 436.8735 10.0 19.0 0.0
Person 346.3313 463.3735 12.0 20.0 0.0
Person 310.8313 454.3735 11.0 16.0 0.0
Person 312.3313 466.8735 10.0 17.0 0.0
Person 300.8313 462.8735 9.0 17.0 0.0
Car 35.5182 95.9174 37.7334 18.2982 2.568445
Car 19.1657 90.4174 35.5073 15.6712 2.568445
Car 5.3313 76.3735 10.0 16.0 0.0
