Bicycle 195.8313 342.3735 10.7985 30.5351 2.646682
Bicycle 201.8313 339.3735 10.7985 30.5351 2.646682
Bicycle 209.8313 337.3735 10.7985 30.5351 2.646682
Bicycle 216.8313 334.3735 10.7985 30.5351 2.646682
Bicycle 221.8313 331.3735 10.7985 30.5351 2.646682
Bicycle 227.8313 327.3735 10.7985 30.5351 2.646682
Bicycle 236.8313 325.3735 10.7985 30.5351 2.646682
Bicycle 246.5437 318.767 13.5783 34.4745 2.646682
Bicycle 278.3568 301.098 12.1248 32.1697 2.646682
Bicycle 317.3568 272.098 12.1248 32.1697 2.646682
Bicycle 335.3568 266.098 12.1248 32.1697 2.660523
Bicycle 348.7921 255.4298 12.9516 31.4657 2.660523
Bicycle 359.3062 228.8987 13.5392 30.1092 0.360436
Bicycle 407.4249 221.4935 16.3974 33.48 2.248122
Bicycle 423.4988 212.6143 11.2291 22.9173 2.699114
