Person 195.8313 134.8735 9.0 19.0 0.0
Person 176.3313 119.8735 14.0 19.0 0.0
Person 165.3313 123.8735 6.0 13.0 0.0
Person 155.3313 124.8735 14.0 15.0 0.0
Person 183.3313 147.3735 12.0 32.0 0.0
Person 168.8313 143.8735 9.0 19.0 0.0
Person 136.8313 278.3735 7.0 12.0 0.0
Person 128.8313 291.3735 11.0 12.0 0.0
Person 198.8313 255.3735 11.0 22.0 0.0
Person 194.3313 279.8735 12.0 17.0 0.0
Person 174.3313 287.3735 12.0 22.0 0.0
Person 190.8313 301.3735 15.0 28.0 0.0
Person 411.8313 359.3735 9.0 24.0 0.143413
Person 432.3313 365.3735 10.0 22.0 0.0
