Person 344.3313 197.3735 10.0 26.0 0.0
Person 334.3313 197.8735 12.0 19.0 0.0
Person 327.3313 192.8735 12.0 19.0 0.0
Person 322.3313 211.8735 18.0 19.0 0.0
Person 262.3313 196.8735 14.0 15.0 0.0
Person 545.3313 262.3735 12.0 22.0 0.0
Person 519.3313 266.3735 12.0 24.0 0.0
Person 305.8313 37.8735 9.0 17.0 2.79767
Person 327.8313 46.8735 9.0 21.0 0.0
Person 330.8313 61.3735 11.0 14.0 0.0
Person 308.8313 75.8735 11.0 19.0 0.0
Person 300.3313 70.8735 10.0 19.0 0.0
Person 283.3313 67.3735 14.0 24.0 0.0
Person 267.8313 50.3735 9.0 20.0 0.0
