Person 481.3313 15.3735 18.0 28.0 0.0
Person 456.3313 82.6867 14.0 23.3735 0.0
Person 433.1483 109.9299 11.3 22.5996 0.289989
Person 330.4468 103.486 13.8918 21.697 0.005644
Person 368.4468 126.486 13.8918 21.697 0.005644
Person 404.4468 176.986 13.8862 20.697 0.005644
Person 407.4468 198.986 13.8749 18.6971 0.005644
Person 408.9468 215.986 10.8862 20.714 0.005644
Person 315.8313 416.3735 15.0 26.0 0.0
Person 434.3313 484.3735 20.0 32.0 0.0
Person 413.3313 504.1867 14.0 13.6265 0.0
Person 438.8313 505.1867 17.0 11.6265 0.0
Person 485.3319 492.0385 15.52 20.9062 0.237391
Person 544.7172 503.1867 10.7718 17.6265 0.0
