Car 515.3281 53.8439 41.547 97.0125 0.309673
Car 383.8281 389.8439 41.89 94.8029 0.309673
Bicycle 13.6657 266.3735 27.3313 18.0 0.0
Bicycle 14.6657 302.3735 29.3313 16.0 0.0
Bicycle 32.4908 361.5533 37.9825 14.9953 3.003912
Bicycle 30.8313 375.8735 34.6967 12.8894 2.758884
Bicycle 41.4711 385.4941 38.2718 17.0542 3.110353
Bicycle 52.2203 422.4601 38.9912 22.4159 2.877184
Bicycle 61.3869 440.7319 35.8323 17.9772 2.877184
Bicycle 31.3313 460.3735 13.0222 33.7997 2.8845
Bicycle 58.8313 503.6867 37.0 14.6265 0.0
