Car 77.4775 96.9568 28.7101 51.8682 3.010934
Car 164.0986 90.2438 28.9264 44.4067 3.010934
Car 308.5192 77.2143 29.6135 41.0318 2.915508
Car 356.3313 70.8735 23.471 37.015 3.050332
Car 448.8016 64.814 23.7725 34.4729 2.902708
Car 490.8139 60.824 27.1546 39.8041 2.957445
Car 134.3313 291.8735 34.0 63.0 3.07654
Car 244.4403 285.1482 36.4249 59.022 3.000799
Car 446.1465 217.9759 30.3893 49.6422 2.936282
Car 467.3461 385.4344 28.2274 47.113 2.936282
Bicycle 29.2151 8.6867 11.7675 17.3735 0.0
Bicycle 40.7179 6.1867 9.2268 12.3735 0.0
Car 243.0205 129.4978 22.2035 35.1309 3.009376
Car 306.8564 123.6502 24.271 36.4672 3.004262
Car 266.8352 82.3116 22.8881 31.5543 3.004262
