Bicycle 22.1657 289.3516 44.3313 13.9562 0.0
Bicycle 26.1794 326.9354 34.4489 15.7967 3.002727
Bicycle 44.1794 393.4354 38.8257 13.3793 3.002727
Bicycle 43.9888 406.9297 33.7065 14.7649 2.807278
Bicycle 54.8313 418.3735 37.0 16.0 0.0
Bicycle 65.0268 459.7379 37.7713 23.7695 2.881847
Bicycle 75.0268 479.7379 35.4465 16.9434 2.881847
Bicycle 38.3313 496.6867 20.0 28.6265 0.0
Person 445.1412 178.4589 8.9956 20.1201 0.03124
Car 566.2258 70.5009 47.3398 103.6122 0.374021
Car 410.2258 437.5009 47.3398 103.6122 0.374021
