Bicycle 11.6657 28.8735 23.3313 13.0 0.0
Bicycle 13.1657 72.3735 26.3313 16.0 0.0
Bicycle 32.1147 138.5875 41.5207 10.3758 3.027278
Bicycle 34.2086 152.4613 32.8573 10.5162 2.710505
Bicycle 42.4599 164.3001 38.5634 17.1024 3.066142
Bicycle 57.8313 206.8735 37.6447 22.6469 2.962213
Bicycle 68.7167 224.2794 36.9929 12.7841 2.808132
Bicycle 31.8313 244.3735 19.1519 34.0324 2.861567
Bicycle 64.8313 292.8735 38.9371 20.1471 2.833686
Bicycle 68.2784 308.7737 33.4381 13.9915 2.833686
Bicycle 75.2784 327.2737 41.365 15.463 2.833686
Bicycle 83.2978 353.4693 42.6628 18.3248 2.861319
Bicycle 90.3908 374.4371 41.0217 12.5422 2.94992
Bicycle 92.1961 390.2808 35.2483 19.2527 2.94992
Bicycle 104.1961 444.7808 37.4022 18.6521 2.94992
Bicycle 100.1779 429.4933 36.3329 17.6412 2.94992
Car 401.3313 170.7247 41.4133 103.48 0.326827
Person 34.8142 463.4516 15.3692 18.6146 2.773811
Person 544.3313 181.8735 12.0 21.0 0.0
