Person 6.8313 315.8735 11.0 19.0 0.0
Person 20.8313 325.8735 11.0 19.0 0.0
Person 431.8313 236.3735 9.0 12.0 0.0
Person 516.8313 359.3735 9.0 16.0 0.0
Person 433.3313 244.3735 10.0 14.0 0.0
Person 524.8313 354.3735 7.0 12.0 0.0
Person 532.8313 356.8735 11.0 15.0 0.150236
Person 541.8313 358.3735 7.0 16.0 0.207015
Person 528.3313 373.3735 14.0 12.0 0.0
Person 565.8313 369.8735 11.0 19.0 0.0
Person 579.8313 388.3735 9.0 22.0 0.0
Person 555.3313 396.8735 10.0 21.0 0.0
Person 579.3313 417.8735 12.0 21.0 0.0
Person 508.3313 33.8735 12.0 19.0 0.0
Person 495.0051 7.1867 11.3475 14.3735 0.0
Person 439.3313 16.8735 14.0 17.0 0.0
Person 425.3313 17.8735 12.0 15.0 0.0
Person 398.8313 7.3735 11.0 12.0 0.0
