Car 406.8313 354.3735 21.8511 42.1845 0.563271
Car 489.0936 261.0397 22.5614 38.581 0.563271
OtherVehicle 261.8313 151.3735 19.879 32.7693 0.414457
Bicycle 324.3024 487.9316 11.8204 21.1866 0.170341
Bicycle 238.8313 426.8735 21.0 9.0 0.0
Bicycle 238.8313 418.8735 21.0 7.0 0.0
Bicycle 235.8313 408.3735 19.0 8.0 3.020969
Bicycle 236.8313 401.8735 23.0 7.0 0.0
Bicycle 234.4652 396.7993 18.8435 7.353 2.689094
Bicycle 231.3313 388.3735 18.8616 6.9456 2.689094
Bicycle 229.8517 379.2729 20.6104 7.9945 2.689094
Bicycle 221.8313 377.8735 9.0 13.0 0.0
Bicycle 216.8313 308.8735 19.0 9.0 0.0
Bicycle 215.3313 318.3735 14.0 10.0 0.0
Bicycle 172.173 368.5292 10.325 22.1316 2.800082
Bicycle 190.803 367.3239 8.7224 20.5338 2.60246
Bicycle 126.3313 372.8735 17.7176 7.9427 1.023719
Bicycle 95.309 374.946 19.404 6.9886 0.583331
Bicycle 75.4057 377.7956 9.3438 16.6621 2.841527
Bicycle 61.3313 390.3735 20.0 12.0 2.995964
Bicycle 61.8313 403.3735 23.0 8.0 2.927479
Bicycle 60.8313 412.8735 25.0 11.0 2.759333
Bicycle 113.8313 387.3735 21.0 12.0 2.794637
Bicycle 116.8543 397.144 23.707 13.5788 2.785373
Bicycle 119.3313 409.8735 20.7723 12.0628 2.657115
Bicycle 142.8313 396.8735 25.0 21.0 0.0
