Bicycle 21.8313 123.3735 40.9069 13.1006 3.019117
Bicycle 27.3313 158.3735 30.5372 15.8582 3.000318
Bicycle 43.7149 213.0234 37.3354 16.1178 3.000318
Bicycle 43.3313 226.8735 34.1942 11.9898 2.791164
Bicycle 53.8313 236.8735 41.0 15.0 3.12481
Bicycle 65.8245 273.3072 35.3597 21.1778 3.057491
Bicycle 74.7903 289.6188 36.0354 17.8686 2.919941
Bicycle 41.211 307.5331 19.6489 32.6913 2.924082
Bicycle 69.2027 350.1684 41.3165 19.2021 2.837407
Bicycle 71.8609 366.3871 32.9005 14.8549 2.837407
Bicycle 76.2807 380.668 40.4559 18.3717 2.837407
Bicycle 82.2807 404.668 40.4559 18.3717 2.837407
Bicycle 89.2807 424.668 43.5621 15.1544 2.837407
Bicycle 90.7807 438.668 35.0864 18.7823 2.898513
Bicycle 97.9121 478.5745 35.3865 18.664 2.898513
Bicycle 101.9917 492.0335 40.3201 15.5057 2.929718
Person 281.8313 488.8735 9.0 13.0 0.0
Bicycle 4.8313 326.8735 9.0 15.0 0.0
Car 385.8466 244.1562 41.5791 92.3389 0.294672
