Car 421.4981 111.1082 40.9374 89.9511 0.349442
Bicycle 70.7606 12.2889 33.0605 15.6632 2.98083
Bicycle 86.7606 67.3328 37.0229 16.2169 2.98083
Bicycle 87.5593 79.3581 29.5127 11.1367 2.781739
Bicycle 95.8313 89.8735 35.0 15.0 0.0
Bicycle 105.8313 125.3735 35.3737 22.665 3.044118
Bicycle 114.8533 142.8495 35.8128 17.801 2.908518
Bicycle 7.6657 172.8735 15.3313 35.0 0.0
Bicycle 37.3313 166.8735 14.3949 36.685 2.567926
Bicycle 81.3313 157.8735 15.5709 32.9021 2.977872
Bicycle 106.3333 198.881 37.8261 21.3271 2.884662
Bicycle 108.3313 214.8735 31.6134 13.4757 2.884662
Bicycle 113.6143 228.6598 39.0889 17.2043 2.884662
Bicycle 118.4284 251.84 42.5064 18.4749 2.884662
Bicycle 124.9284 269.84 39.6049 17.7125 2.884662
Bicycle 126.4284 284.34 32.0723 18.8353 2.884662
Bicycle 130.6315 321.8021 38.0486 18.1077 3.012442
Bicycle 132.9655 335.8237 38.9629 16.2531 3.012442
