Person 359.3313 102.3735 10.0 26.0 0.0
Person 571.3313 281.8735 10.0 25.0 3.103875
Person 594.3313 313.3735 10.0 22.0 0.0
Person 600.8313 349.3735 11.0 22.0 0.0
Person 576.8313 344.3735 13.0 18.0 0.0
Person 551.66 320.9074 10.4036 18.9331 0.252554
Person 542.0892 320.4854 9.2409 15.8337 0.281187
Person 533.3313 317.8735 8.0 11.0 0.0
Person 523.2355 323.9894 10.3841 17.4752 2.999696
Person 567.8313 368.8735 11.0 19.0 0.0
Bicycle 362.3313 439.8735 14.0 27.0 0.0
Bicycle 192.3313 404.3735 13.5038 23.2733 0.312227
