Person 222.8313 133.3735 9.0 18.0 0.0
Person 239.3313 136.8735 8.0 15.0 0.0
Person 245.3313 122.3735 6.0 14.0 0.0
Person 249.3313 125.8735 6.0 13.0 0.0
Person 258.8313 144.3735 7.0 12.0 0.0
Person 262.3313 132.3735 10.0 18.0 0.0
Person 291.8313 209.3735 9.0 20.0 0.0
Person 309.3313 209.8735 8.0 13.0 0.0
Person 304.8313 228.8735 9.0 13.0 0.0
Person 301.8313 211.3735 7.0 12.0 0.0
Person 224.8313 201.3735 9.0 14.0 0.0
Person 207.8313 226.3735 11.0 16.0 0.0
Person 473.3313 244.3735 10.0 14.0 0.0
Person 460.3313 246.8735 10.0 15.0 0.0
Person 200.8313 395.8735 9.0 17.0 0.0
Person 381.2361 505.1867 11.8096 13.6265 0.0
