Bicycle 130.8313 4.1867 31.0 8.3735 0.0
Bicycle 135.8313 15.8735 36.651 13.6638 2.931712
Bicycle 140.4079 30.6915 33.5259 14.6708 2.931712
Bicycle 140.8302 42.3997 29.2741 13.929 2.999008
Bicycle 143.4757 67.5849 32.5177 14.5974 3.05045
Bicycle 145.14 81.3533 31.8912 15.1198 3.05045
Bicycle 7.1657 20.6434 14.3313 12.5399 0.0
Bicycle 8.6657 44.5729 17.3313 10.3988 0.0
Bicycle 12.6657 56.8173 25.3313 16.8876 0.0
Bicycle 13.1657 70.2249 26.3313 11.7028 0.0
Bicycle 14.6657 79.7897 29.3313 12.8325 0.0
Bicycle 16.6657 91.3175 33.3313 13.8881 0.0
Bicycle 16.6657 104.8546 33.3313 12.9622 0.0
Person 299.8313 150.8735 9.0 17.0 0.0
Person 300.8313 164.8735 11.0 15.0 0.0
Person 403.3313 247.8735 12.0 21.0 0.0
Car 164.584 357.7208 43.4116 88.6358 0.450315
Car 93.584 470.7557 37.3481 71.4984 0.547588
