Person 400.6247 6.6867 12.5868 13.3735 0.0
Person 552.9192 187.2957 12.1583 23.9447 0.130719
Person 586.1565 225.093 9.5785 23.4908 0.134189
Person 560.8313 216.8735 13.0 21.0 0.0
Person 582.8313 254.8735 11.0 23.0 0.0
Person 549.8313 234.3735 9.0 22.0 0.0
Person 539.8313 230.3735 11.0 22.0 0.104877
Person 537.3313 205.8735 10.0 19.0 0.206178
Person 527.0684 206.5517 10.4845 16.0554 0.200653
Person 516.8313 205.3735 11.0 12.0 0.0
Person 508.8313 209.3735 9.0 14.0 0.0
Bicycle 191.9642 294.8678 11.6827 21.4482 0.410127
Bicycle 355.3313 329.8735 12.0 29.0 0.0
