Person 151.3313 416.8735 10.0 19.0 0.0
Person 181.3313 421.3735 10.0 14.0 0.0
Person 550.3313 121.8735 8.0 17.0 0.0
Person 536.8313 127.3735 11.0 16.0 0.0
Person 545.8313 136.8735 13.0 9.0 0.0
Person 498.8313 139.8735 11.0 15.0 0.0
Person 498.8313 184.3735 7.0 16.0 0.0
Person 498.8313 210.3735 9.0 16.0 0.0
Person 583.8313 213.3735 7.0 16.0 0.0
Person 572.3313 206.8735 8.0 17.0 0.0
Person 569.8313 222.3735 13.0 20.0 0.0
Person 607.8313 216.3735 9.0 20.0 0.0
Person 583.8313 453.8735 9.0 13.0 0.0
Person 591.8313 453.8735 9.0 15.0 0.0
Person 598.8313 453.8735 7.0 15.0 0.0
Person 607.3313 455.3735 10.0 14.0 0.0
Person 626.488 501.6867 10.3133 20.6265 0.0
