Bicycle 129.4552 243.3747 37.553 15.2964 2.953317
Bicycle 125.4552 229.3747 39.5176 15.6708 2.953317
Bicycle 120.4552 193.8747 32.6878 19.4594 2.953317
Bicycle 121.4552 180.8747 37.3658 16.2788 2.953317
Bicycle 114.4247 162.0161 39.2611 16.8185 2.942344
Bicycle 108.3683 139.9289 40.5784 19.0242 2.902866
Bicycle 103.8659 127.1373 31.2576 14.5488 2.902866
Bicycle 101.9689 110.8423 38.8973 20.8516 2.902866
Bicycle 5.6657 84.8735 11.3313 35.0 0.0
Bicycle 33.2769 79.7802 13.3166 36.4947 2.613518
Bicycle 78.8313 69.8735 18.235 32.9467 2.823069
Bicycle 109.5326 55.3545 33.1634 16.0787 2.954659
Bicycle 99.8615 39.1429 35.0114 19.5881 2.961625
Bicycle 91.8313 6.3735 37.0 12.0 0.0
Car 410.3313 32.6867 62.0 65.3735 0.0
