OtherVehicle 213.1368 33.4016 30.226 45.9326 0.276327
OtherVehicle 136.6393 86.2635 34.666 24.2298 0.123361
DontCare 192.2568 25.2003 16.763 32.8847 0.304491
Person 467.3313 153.8735 12.0 31.0 0.140837
Car 487.0619 195.4419 28.9554 51.2247 0.51861
Car 382.8313 336.3735 28.1868 57.537 0.51861
Bicycle 143.0335 268.5844 23.2231 12.4316 2.959966
Bicycle 143.5165 282.3046 20.7179 12.1759 3.058052
Bicycle 151.3313 310.8735 19.9508 9.1086 2.81673
Bicycle 155.1429 321.1659 25.9306 10.3141 3.011743
Bicycle 159.7734 337.3283 23.2147 13.9175 2.98355
Bicycle 164.3313 349.3735 24.0 14.0 0.0
Bicycle 142.1019 352.4886 12.3763 22.4245 3.018998
Bicycle 110.2577 356.5841 10.8137 21.7568 2.625106
Bicycle 87.1464 358.8068 13.2465 25.053 2.825334
Bicycle 29.6292 366.0031 8.7574 22.7404 2.588056
Bicycle 155.8236 373.134 29.4111 18.1098 3.020835
Bicycle 158.8313 390.8735 29.0 13.0 2.971863
Bicycle 163.117 400.7963 30.4294 14.4731 2.972769
Bicycle 165.5689 415.3337 30.2263 15.724 2.841303
Bicycle 167.3313 435.8735 26.0 13.0 0.0
Bicycle 167.8313 447.3735 25.0 14.0 0.0
Bicycle 14.8419 387.658 24.6903 12.5888 3.022592
Bicycle 15.8313 398.3735 29.0 10.0 2.906786
Bicycle 15.1252 408.8505 27.2794 12.0381 3.034244
Bicycle 16.364 424.8573 25.4926 19.7695 2.681564
Bicycle 47.3313 403.3735 30.0 20.0 2.934096
Bicycle 50.7885 420.4363 25.6803 14.1955 2.769044
Bicycle 56.7885 430.4363 26.4082 12.3327 2.769044
Bicycle 56.0868 442.6301 28.5844 14.0458 2.769044
Bicycle 59.7751 452.8323 27.8564 14.1955 2.769044
