Car 567.6667 124.5556 31.0 53.0 0.0
Car 606.1667 251.5556 26.0 53.0 0.0
Car 256.5817 32.4491 32.5937 60.4418 0.14219
Car 421.1667 102.5556 32.0 59.0 0.0
Car 490.1667 109.0556 29.5924 60.8629 0.14364
Car 316.1667 89.0556 32.0 60.0 0.191458
Car 138.5158 67.2128 28.0948 53.8548 0.222835
Car 91.1667 56.5556 28.5336 56.6289 0.441632
OtherVehicle 50.7569 162.2176 39.5931 66.6493 0.317332
Car 136.9313 448.0552 35.5781 62.4651 0.11431
Car 185.1667 456.5556 36.0 79.0 0.0
Car 261.378 469.3591 32.9933 65.1048 0.15119
