Bicycle 182.7535 215.9897 11.767 32.4543 2.944197
Bicycle 263.8778 159.5057 8.0249 30.758 2.677945
Bicycle 325.5108 230.3302 11.6967 33.4912 2.768605
Bicycle 297.1667 198.0556 16.0 36.0 0.0
Bicycle 280.6667 82.0556 11.0 32.0 0.0
Bicycle 307.1667 118.0556 10.0 32.0 0.0
Bicycle 282.6667 145.5556 11.0 35.0 0.0
Bicycle 324.6667 56.5556 11.0 31.0 0.0
Bicycle 245.6667 84.0556 9.0 26.0 0.0
Bicycle 258.1667 79.0556 8.0 28.0 0.0
Bicycle 141.1667 190.0556 8.0 30.0 0.0
Bicycle 223.8851 158.2445 14.791 40.6633 2.886781
Bicycle 304.1667 161.5556 12.0 29.0 2.76894
Bicycle 269.1667 120.0556 8.0 32.0 0.0
Bicycle 326.1667 153.0556 8.0 28.0 0.0
Bicycle 322.369 184.2022 12.167 31.526 2.844489
Bicycle 231.0402 196.863 15.5217 33.4063 2.863293
Bicycle 158.1667 204.0556 14.0 32.0 0.0
Bicycle 182.1667 174.5556 10.0 23.0 0.0
Bicycle 192.1667 175.0556 10.0 24.0 0.0
Bicycle 302.1667 65.5556 10.0 35.0 0.0
Bicycle 336.1667 56.0556 8.0 32.0 0.0
Bicycle 352.6667 60.5556 11.0 31.0 0.0
Bicycle 346.6667 174.5556 9.0 27.0 0.0
Bicycle 359.6667 186.0556 9.0 28.0 0.0
Bicycle 120.6667 196.0556 15.0 30.0 0.0
Car 508.5042 427.9249 39.0311 88.2566 2.941125
Car 429.7004 439.4028 37.7208 100.7728 2.942215
Car 366.1667 444.0556 38.0 90.0 0.0
Car 284.6215 458.2811 34.8382 85.103 2.98243
Car 146.9778 478.0278 49.6223 67.9444 0.0
Car 62.1667 487.5556 42.0 45.0 0.0
