Car 75.6667 397.5556 39.0 83.0 0.0
Car 178.4235 386.7912 42.79 87.4096 2.964924
Car 234.6667 290.0556 37.0 84.0 0.0
Car 289.9551 278.0081 38.4297 90.2081 3.023957
Car 355.1408 286.1184 36.0898 78.6258 3.040228
Car 324.4694 386.2633 40.033 90.3431 3.035267
Car 414.5997 271.394 37.0464 84.8858 3.069847
Car 421.8603 367.8166 42.9464 91.9172 3.019036
Car 473.6215 366.8826 39.0734 87.856 3.072442
Car 488.2715 256.4734 39.9732 80.2335 2.987824
Car 521.6667 364.0556 37.0 66.0 3.041816
Car 615.6878 354.8196 41.1467 83.7395 3.069895
Car 617.1667 255.5556 36.0 63.0 0.0
Bicycle 237.6667 55.0556 9.0 30.0 0.070142
Bicycle 251.6667 51.0556 9.0 22.0 0.0
Bicycle 264.1667 44.5556 10.0 29.0 2.947586
Bicycle 274.6667 36.0556 11.0 26.0 2.737569
Bicycle 290.8297 31.9788 13.903 30.5167 2.261201
Bicycle 313.1667 27.5556 16.0 29.0 2.53861
Bicycle 544.4901 32.974 13.7601 33.8997 2.83488
Bicycle 592.1282 24.6418 12.4249 30.3855 2.75109
Bicycle 574.6667 29.0556 11.0 36.0 2.99469
