Bicycle 359.6025 227.168 9.2152 22.2121 0.831519
Bicycle 299.1903 314.1995 12.9983 33.7095 0.410877
Bicycle 252.5644 225.2806 15.419 34.8948 0.268677
Bicycle 303.0 219.0556 9.0 28.0 0.399006
Bicycle 331.5 200.0556 11.9281 27.2345 0.755835
Bicycle 276.7906 192.3361 12.32 29.6637 0.599998
Bicycle 324.6972 226.6639 9.3925 31.0315 0.857011
Bicycle 300.0939 272.1845 16.9116 33.4166 0.771858
Bicycle 326.7619 279.1847 11.7902 32.0363 0.582828
Bicycle 416.1872 189.9432 11.735 32.0952 0.689849
Bicycle 426.2332 198.2799 11.6554 31.9166 0.64671
Bicycle 369.0689 175.7236 12.1362 34.1736 0.792917
Bicycle 332.0333 249.3158 11.6414 30.2069 0.737815
Bicycle 192.9702 157.4147 10.0853 32.0115 0.876937
