Car 54.1667 347.5556 38.0 85.0 0.0
Car 159.7062 339.4297 37.9801 87.6648 2.975039
Car 214.6667 242.0556 35.0 82.0 0.0
Car 270.2507 231.7976 38.0284 87.5048 3.053343
Car 304.1667 337.5556 34.6594 85.9984 3.042708
Car 332.1667 239.0556 38.0 78.0 3.018556
Car 398.5695 317.743 42.307 93.5974 2.998819
Car 393.6362 225.1211 34.9705 80.2298 3.091863
Car 466.0291 209.8846 36.98 74.6134 2.977255
Car 451.1667 318.0556 38.0 86.0 3.03103
Car 498.3249 316.2429 34.0074 65.6272 2.987393
Car 590.7477 304.879 39.2792 78.7764 2.968945
Car 594.1667 212.0556 34.0 50.0 0.0
