Car 392.6376 266.3787 22.8474 31.3746 0.22952
Car 421.0701 271.5114 20.7722 36.7668 0.28131
Car 464.9444 280.5556 22.0 25.0 0.0
Car 449.4444 55.0556 25.0 24.0 0.0
Car 146.4444 62.0556 15.0 22.0 0.0
Car 157.4444 229.5556 21.0 35.0 0.0
Car 492.9262 102.8333 24.5563 25.895 3.118945
Car 590.9444 134.5556 18.0 27.0 0.0
Car 528.4444 125.5556 21.0 27.0 0.0
Car 547.4444 45.0556 19.0 24.0 0.0
Car 573.4444 50.0556 15.0 22.0 0.0
Car 632.4444 140.0556 15.0 30.0 0.0
Car 603.4444 50.0556 19.0 20.0 0.0
Car 593.9444 69.0556 18.0 28.0 0.0
Car 615.0448 71.208 16.4676 27.009 0.406189
Car 393.115 106.7969 26.7489 18.2844 2.409042
Car 634.4722 50.7163 11.0556 21.3214 0.0
Car 634.9722 73.8846 10.0556 21.6581 0.0
