Car 149.9024 132.0603 89.1897 42.8544 0.777586
Car 55.1667 246.5556 39.2535 95.7296 2.397079
Car 101.012 356.9915 40.7093 92.8782 2.456119
Car 99.1667 195.0556 32.8067 97.1376 2.457116
Car 168.9442 280.8516 36.807 100.2756 2.441622
Car 213.3896 247.1479 39.8441 92.0134 2.433755
Car 252.0022 212.8513 32.2626 73.4117 2.419269
Car 321.5556 144.5868 37.7965 90.4635 2.421726
Car 362.1706 103.2404 35.4028 94.6398 2.398161
Car 447.2492 46.9996 41.3926 87.6981 2.322106
Car 263.1144 50.8543 38.1392 57.7188 2.454074
Car 21.1667 294.0556 42.0 68.0 0.0
Car 535.1667 449.5556 43.1352 93.8741 2.473828
Car 608.0833 222.5556 61.8333 69.0 0.0
Car 616.0833 386.8872 47.8333 73.6633 0.0
