Car 373.4118 100.6042 29.0152 20.0491 0.822024
Car 214.8538 124.5214 29.8886 16.8414 2.542902
Car 135.9444 146.5556 24.0 23.0 0.0
Car 361.4444 40.5556 17.0 23.0 0.778405
Car 33.7337 205.3595 30.0909 16.5971 0.841942
Car 42.914 195.3731 31.6123 15.7643 0.730907
Car 58.1176 193.1954 30.6918 14.1421 0.786934
Car 68.9059 184.7805 24.0829 15.1341 0.721716
Car 432.9444 89.0556 16.0 20.0 0.0
Person 396.9444 34.5556 6.0 17.0 0.0
Person 402.9444 34.0556 6.0 12.0 0.0
Person 196.9444 146.0556 8.0 16.0 0.0
