Car 361.6667 39.0556 29.0 52.0 0.0
Car 406.3236 47.2591 27.7019 46.9958 0.087124
Car 453.6667 45.5556 25.4242 53.3255 0.147803
Car 509.6827 44.2553 28.2359 51.9793 0.053358
Car 606.6667 56.0556 25.0 44.0 0.178372
Car 193.6859 80.8311 32.9888 49.027 0.193207
Car 267.6667 82.5556 29.0 61.0 0.0
Car 374.9976 98.5249 30.3411 56.9588 0.059273
Car 446.1667 98.0556 30.0 58.0 0.0
Car 484.0763 102.8118 30.42 55.1108 0.107953
Car 521.1667 109.0556 28.0 44.0 0.103082
Car 590.1667 110.5556 30.0 51.0 0.0
Car 628.5833 109.5972 22.8333 57.0833 0.0
Car 291.9879 213.7009 33.886 66.8983 0.221549
Car 355.8871 280.2822 33.6866 66.2952 0.257173
Car 472.6007 295.9939 34.7154 66.3805 0.067786
Car 547.5982 304.1095 36.8384 68.8319 0.120775
Car 626.5833 320.0202 26.8333 69.9293 0.0
Car 166.0607 256.2574 34.9283 61.0401 0.227359
Car 114.6513 244.502 34.3941 64.5823 0.447925
OtherVehicle 68.9892 367.0747 41.8732 77.285 0.286162
