Car 181.9444 393.5556 22.0 35.0 0.0
Car 188.9444 163.5556 14.0 25.0 0.0
Car 166.9444 190.0556 18.0 26.0 0.0
Car 173.9444 248.5556 16.0 27.0 0.0
Car 499.6138 184.0122 19.43 24.5501 0.389206
Car 549.4444 182.5556 17.0 25.0 0.0
OtherVehicle 409.4444 287.0556 23.0 34.0 0.0
Car 440.4042 246.6728 16.114 29.6899 0.670977
Car 594.5097 271.4627 18.9301 31.5885 0.240267
Car 448.6598 443.5277 23.8931 32.8145 0.208875
Car 480.9692 448.183 22.2285 47.3879 0.124716
Car 532.2427 462.2373 23.7568 33.8377 0.328509
Car 554.1424 241.6857 26.4409 29.2571 0.248824
Car 611.8956 173.8376 19.5066 23.9835 0.130919
Bicycle 614.5 115.5 11.0 23.0 0.0
Bicycle 625.6181 113.5667 10.6573 21.4865 2.98763
