Car 16.1667 391.0556 32.0 86.0 0.0
Car 73.5613 363.8034 40.4495 89.6253 2.919335
Car 155.3601 333.8496 41.2547 93.3738 2.906668
Car 291.6667 317.0556 31.0 64.0 0.0
Car 369.6667 294.0556 37.0 94.0 0.0
Car 434.8714 290.2301 36.9758 99.8132 3.001077
Car 513.7618 275.5312 40.1869 88.2049 2.917154
Car 93.6584 463.6335 44.5615 88.8278 2.919718
Car 149.6667 466.5556 45.0 89.0 0.0
Car 199.4071 456.7875 38.5579 75.8984 2.901204
Car 292.6931 430.2077 40.8601 93.3765 2.913121
Car 351.0386 412.9125 39.0495 91.9246 2.918502
Car 451.6957 409.0846 39.6905 87.5557 2.907177
Car 549.2364 390.602 47.3392 100.4389 2.854282
Bicycle 187.1667 64.5556 14.0 35.0 2.921025
Bicycle 328.1667 78.5556 16.0 31.0 2.872641
Bicycle 301.1667 45.5556 14.0 35.0 0.0
Bicycle 361.1667 34.5556 10.0 25.0 0.0
Bicycle 124.6667 40.0556 13.0 36.0 0.0
Bicycle 146.6667 38.5556 9.0 33.0 0.0
Bicycle 162.6667 53.0556 11.0 30.0 0.0
Bicycle 187.1667 24.5556 8.0 31.0 0.0
Bicycle 197.6667 23.0556 9.0 24.0 0.0
Bicycle 231.369 13.5278 11.5952 27.0556 0.0
Bicycle 213.1667 15.0556 10.0 30.0 0.0
Bicycle 234.8144 48.4712 14.8631 30.4334 2.778435
Bicycle 268.6667 11.0556 11.0 22.0 0.0
Bicycle 290.6667 9.0556 9.0 16.0 0.0
Bicycle 309.1667 12.5556 12.0 23.0 0.0
Bicycle 327.6667 32.0556 15.0 30.0 0.0
