Car 604.5423 241.2623 28.6929 57.7178 3.116722
Car 525.6667 223.0556 34.3794 65.9019 0.103433
Car 454.1667 216.5556 30.0 65.0 0.0
Car 340.7654 201.4993 34.0324 64.0842 0.220006
Car 277.8835 140.6862 34.0124 65.3754 0.110928
Car 106.4841 167.8035 32.4863 58.127 0.459082
Car 358.1667 28.5556 30.0 53.0 0.0
Car 429.1667 29.0556 26.0 58.0 0.0
Car 608.6667 38.0556 29.0 60.0 0.0
Car 569.6667 39.5556 29.0 47.0 0.0
Car 501.6667 37.0556 27.0 42.0 0.0
Car 467.1667 33.5556 28.4102 50.5753 0.11445
Car 183.1667 18.5556 32.0 35.0 0.0
Car 256.6667 21.0556 33.0 42.0 0.0
Car 155.1667 177.5556 32.4922 57.2823 0.215711
OtherVehicle 61.1667 281.0556 37.938 71.1387 0.313012
