Car 533.6111 335.5556 42.0 71.0 3.013834
Car 581.1111 326.5556 43.1532 82.3881 2.953649
Car 448.4201 342.4594 35.4191 61.246 3.030057
Car 405.1111 343.5556 39.0 83.0 3.069116
Car 355.1111 341.5556 41.0 81.0 3.081285
Car 265.6111 357.5556 34.0 79.0 0.0
Car 131.6111 356.5556 40.0 75.0 3.078519
Car 35.1111 365.0556 39.0 76.0 0.0
Car 609.1111 243.5556 33.0 71.0 0.0
Car 187.6111 275.5556 34.0 75.0 0.0
Car 238.6111 265.5556 40.0 85.0 3.075644
Car 295.1111 274.0556 37.0 68.0 0.0
Car 351.1111 263.0556 37.0 74.0 0.0
Car 418.7822 246.9977 36.7734 71.4397 3.012598
Bicycle 588.3464 88.9967 12.1268 27.8916 2.896614
Bicycle 619.1111 59.0556 13.0 26.0 2.951158
Bicycle 500.6111 62.0556 12.0 28.0 0.0
Bicycle 517.2864 57.4242 12.6015 26.2422 2.854311
Bicycle 568.6111 65.0556 12.0 26.0 0.0
Bicycle 584.6111 15.0556 10.0 28.0 0.0
Bicycle 553.6111 12.5556 12.0 25.0 0.0
Bicycle 402.9089 28.6168 23.7523 20.4638 2.784749
Bicycle 195.6111 23.5556 10.0 27.0 0.0
Bicycle 429.1111 44.5556 11.0 27.0 0.0
Bicycle 446.1111 49.5556 9.0 31.0 0.0
Bicycle 456.6111 50.5556 10.0 29.0 0.0
Bicycle 474.6111 64.0556 14.0 28.0 0.0
Bicycle 480.1111 38.5556 9.0 25.0 0.0
Bicycle 516.1111 30.5556 13.0 29.0 0.0
Bicycle 591.6111 55.5556 12.0 25.0 0.0
Bicycle 563.6111 31.5556 10.0 27.0 0.0
Bicycle 486.6111 32.0556 12.0 30.0 0.0
Bicycle 503.1111 30.0556 13.0 36.0 0.0
Bicycle 577.6111 38.0556 16.0 22.0 0.0
Bicycle 596.1111 34.0556 13.0 18.0 0.0
Bicycle 608.1343 34.6531 12.1926 19.3531 2.727148
Bicycle 197.6111 76.5556 12.0 27.0 0.0
Bicycle 210.1111 74.5556 11.0 23.0 0.0
Bicycle 220.1111 68.5556 13.0 23.0 0.0
Bicycle 229.6111 64.0556 14.0 24.0 0.0
Bicycle 244.7457 58.7286 22.6281 12.1911 0.909753
Car 537.1111 249.5556 35.0 57.0 0.0
