Person 334.6667 90.0556 13.0 20.0 0.0
Person 283.1667 116.0556 16.0 14.0 0.0
Bicycle 229.9926 284.6356 32.4146 9.1495 0.647003
Bicycle 255.0479 269.0307 33.1504 11.6154 2.396173
Bicycle 298.5247 326.3287 29.9787 13.6146 2.460442
Bicycle 263.1667 280.0556 38.0 16.0 2.42132
Bicycle 285.6325 309.0587 35.5104 17.0476 2.422142
Bicycle 277.1131 288.782 34.6848 15.8745 2.54863
Bicycle 379.006 119.4849 34.5957 11.4591 1.159996
Bicycle 395.5418 109.1244 37.7307 10.0399 0.984082
Bicycle 422.0643 84.9675 13.5574 42.1865 2.762572
Bicycle 435.7423 78.2541 10.2794 31.2009 2.690685
Bicycle 450.5058 60.6603 20.2828 35.6982 2.739093
Bicycle 377.9203 272.189 33.3816 17.9666 2.37359
Bicycle 448.2957 372.0556 24.399 13.3529 2.712815
Bicycle 460.1399 386.052 25.1606 14.0562 2.666582
Bicycle 464.9299 397.1494 31.4692 14.0768 2.715523
Bicycle 313.5612 351.4334 35.3581 19.078 2.427102
Bicycle 556.1038 426.5974 34.5484 13.1814 1.148791
Bicycle 577.7757 413.3702 17.5266 39.6793 2.707631
Bicycle 601.6002 398.8446 15.684 28.8024 2.665897
