Car 391.7816 457.7435 85.421 37.9337 2.601658
Bicycle 550.6187 296.8634 12.2886 32.5153 2.633121
Bicycle 565.7517 283.3547 14.7633 32.7298 2.633121
Bicycle 276.0434 178.943 27.613 16.8021 2.663852
Bicycle 590.7517 270.8547 11.7561 29.909 2.633121
Bicycle 617.7517 262.8547 11.7561 29.909 2.633121
Bicycle 625.7517 256.8547 11.7561 29.909 2.633121
Bicycle 270.7759 160.898 26.516 9.1942 2.353547
Bicycle 257.2759 149.398 27.9228 12.0264 2.353547
Bicycle 290.8041 197.5951 30.3508 12.349 2.663852
Bicycle 372.1667 143.5556 34.0 13.0 2.541669
Bicycle 444.1667 242.5556 34.0 13.0 2.541669
Bicycle 452.1667 254.5556 34.0 13.0 2.541669
Bicycle 460.1667 266.5556 34.0 13.0 2.541669
