Car 309.0 359.5556 21.0 35.0 0.029189
Car 238.0 300.0556 17.0 26.0 0.140738
Car 353.4189 390.0858 20.0435 31.0141 0.213596
Car 426.5 395.0556 22.0 36.0 0.0
Car 477.0 395.5556 19.0 37.0 0.0
Car 567.6573 312.8359 19.7731 29.432 2.965601
Car 425.7974 306.2179 18.8897 30.0608 0.086117
Car 494.5 308.0556 20.0 24.0 0.0
Car 402.0 304.0556 17.0 30.0 0.0
Car 605.5 404.5556 20.0 35.0 0.0
Car 442.0 277.5556 19.0 31.0 0.0
Car 286.5 298.0556 16.0 34.0 0.0
Car 345.5 276.0556 20.0 32.0 0.0
Car 374.5 280.5556 18.0 25.0 0.0
Car 521.5 305.5556 20.0 33.0 3.11349
Car 528.0508 403.6508 20.5958 35.4069 2.940321
Car 615.0 313.5556 23.0 33.0 2.964884
Car 321.6162 276.9204 16.0621 30.303 0.297222
Car 404.5 279.0556 18.0 26.0 0.0
Car 177.0 425.5556 23.0 35.0 0.0
Car 195.1408 377.8635 21.9653 33.025 0.321751
Car 229.4411 380.3739 18.4797 35.6912 0.274382
Car 356.0 305.5556 15.0 31.0 0.0
Car 450.0 307.5556 19.0 27.0 0.0
Car 502.0 283.0556 17.0 22.0 0.0
Car 539.5 284.0556 18.0 26.0 0.0
Car 568.0 286.5556 17.0 27.0 0.0
Car 604.5 288.0556 20.0 24.0 0.0
