Car 332.1667 322.0556 44.0 18.0 0.0
Car 282.6667 238.0556 55.0 24.0 0.0
Car 287.1667 206.0556 50.0 20.0 0.0
Car 338.1667 254.5556 34.0 21.0 0.0
Car 47.6667 36.0556 55.0 30.0 0.0
Car 125.6667 133.0556 49.0 22.0 0.0
Car 112.6667 175.5556 49.0 19.0 0.0
Car 101.1667 234.5556 40.0 19.0 0.0
Car 151.6667 269.0556 45.0 20.0 0.0
Car 169.1667 192.0556 48.0 20.0 0.0
Car 343.6667 146.5556 33.0 17.0 0.0
Car 340.1667 165.5556 32.0 17.0 0.0
Car 338.1667 231.5556 34.0 21.0 0.0
Car 337.1667 208.0556 34.0 16.0 0.0
Car 337.6667 185.0556 31.0 18.0 0.0
