Car 39.6667 93.5556 57.0 33.0 0.0
Car 121.6667 201.0556 51.0 20.0 0.0
Car 106.1667 248.0556 48.0 22.0 0.0
Car 93.1667 315.5556 46.0 23.0 0.0
Car 166.1667 267.5556 50.0 25.0 0.0
Car 144.1667 355.0556 54.0 22.0 0.0
Car 290.6667 282.5556 51.0 21.0 0.0
Car 286.6667 319.0556 59.0 26.0 0.0
Car 352.6667 217.0556 33.0 18.0 0.0
Car 348.6667 236.5556 39.0 17.0 0.0
Car 347.1667 260.5556 34.0 21.0 0.0
Car 343.1667 285.0556 40.0 18.0 0.0
Car 340.1667 415.5556 50.0 21.0 0.0
Car 345.6667 309.5556 33.0 21.0 0.0
Car 347.6667 335.5556 35.0 21.0 0.0
