Bicycle 355.4259 387.3421 6.9565 25.3555 0.270622
Bicycle 306.8027 353.3828 37.3178 12.6959 3.00111
Bicycle 304.6667 332.0556 29.0 10.0 2.749001
Bicycle 237.6667 26.5556 27.0 11.0 0.0
Bicycle 243.1667 58.0556 28.0 10.0 2.955171
Bicycle 248.1667 100.5556 26.0 9.0 0.0
Bicycle 301.0098 319.384 23.5966 7.3941 2.999696
Bicycle 287.6667 274.0556 25.0 10.0 2.985797
Bicycle 299.9354 309.2183 23.2055 5.9482 3.03758
Bicycle 293.1667 291.0556 28.0 10.0 2.857325
Bicycle 281.6667 249.0556 29.0 12.0 3.047751
Bicycle 278.1667 230.0556 26.0 10.0 0.0
Bicycle 277.1667 217.5556 26.0 9.0 0.0
Bicycle 351.1667 490.0556 26.0 10.0 0.552522
Bicycle 345.674 501.3833 25.9398 7.4675 0.256015
Bicycle 343.6667 383.5556 9.0 25.0 0.479877
Bicycle 312.4104 372.7446 20.6966 7.9602 2.52944
Person 408.6667 420.5556 9.0 13.0 0.0
Person 409.6667 432.5556 9.0 15.0 0.0
