Bicycle 189.1667 266.0556 8.0 28.0 2.717635
Bicycle 177.1667 266.5556 8.0 25.0 2.999843
Bicycle 53.9808 184.4261 8.6669 25.8031 0.996491
Bicycle 72.6967 199.9141 12.992 28.6817 0.771371
Bicycle 88.5242 210.8746 7.9173 31.0209 0.660553
Bicycle 101.1667 227.0556 10.0 24.0 0.837165
Bicycle 160.1667 274.5556 10.0 31.0 0.159393
Bicycle 116.6667 243.5556 8.1507 26.0685 0.717541
Bicycle 147.149 274.6877 8.7161 25.5841 0.475575
Bicycle 37.7688 174.2529 6.2004 16.8911 0.995293
Bicycle 459.839 102.0805 7.2087 26.3985 2.55281
Bicycle 478.6682 92.8724 5.338 30.556 2.377413
Bicycle 502.039 77.4953 7.2425 26.8964 2.590421
Bicycle 512.6533 68.8494 6.7875 22.8838 2.507407
Bicycle 35.4096 159.5304 7.1342 23.4589 0.988195
Bicycle 238.1667 352.0556 24.0 10.0 0.0
Bicycle 239.6667 364.5556 25.0 9.0 2.891738
Bicycle 445.7788 113.0358 8.331 22.5205 2.450324
