Bicycle 425.1667 371.0556 8.0 26.0 0.0
Bicycle 346.1563 229.7205 26.3471 9.9056 2.876979
Bicycle 343.6667 209.0556 27.0 8.0 2.922394
Bicycle 356.188 253.6789 26.6465 8.4938 2.859953
Bicycle 361.1667 273.0556 28.0 10.0 2.798569
Bicycle 303.1667 28.0556 32.0 12.0 2.835405
Bicycle 308.1667 72.0556 28.0 8.0 2.910876
Bicycle 368.7391 290.8058 25.4207 9.7586 2.875283
Bicycle 370.1667 302.0556 30.0 10.0 2.761086
Bicycle 324.1667 132.5556 28.0 9.0 2.85233
Bicycle 329.1667 145.5556 30.0 9.0 2.969402
Bicycle 373.9178 313.8139 32.1133 7.435 2.745928
Bicycle 380.1436 348.9467 30.8307 9.5249 2.72447
Bicycle 382.6667 335.0556 27.0 8.0 2.700888
Bicycle 411.8626 371.9775 8.5299 18.2723 0.40659
Bicycle 380.1667 359.5556 8.0 25.0 1.167141
Bicycle 395.1667 364.0556 10.0 30.0 0.712358
Bicycle 404.1667 366.5556 24.0 7.0 1.988262
Bicycle 423.1667 482.5556 28.0 7.0 0.066886
Bicycle 427.3157 471.9836 22.1295 9.18 0.34617
Person 271.6667 204.0556 13.0 14.0 0.0
Person 282.6667 197.5556 11.0 17.0 0.0
Bicycle 449.9193 461.0235 7.4994 23.2842 2.414413
Bicycle 478.9674 461.1859 10.7469 23.9719 2.372044
