Bicycle 198.1667 470.0556 12.0 24.0 2.767259
Bicycle 451.1667 323.5556 12.0 25.0 2.481964
Bicycle 463.8387 312.3495 11.1598 25.0255 2.587625
Bicycle 482.6866 304.6468 6.2785 24.5223 2.443148
Bicycle 506.0502 290.6689 11.5419 24.5259 2.544932
Bicycle 518.2754 283.7315 9.3316 21.5464 2.548364
Bicycle 186.1667 470.5556 8.0 25.0 0.0
Bicycle 169.6667 476.5556 13.0 29.0 0.0
Bicycle 156.1667 479.5556 12.0 23.0 0.541419
Bicycle 84.1667 407.0556 14.0 28.0 0.812419
Bicycle 98.6667 418.5556 13.0 27.0 0.714975
Bicycle 113.4162 427.8736 9.9116 24.7056 0.898318
Bicycle 120.0536 437.7906 27.8721 9.6123 2.335016
Bicycle 67.8249 389.5215 26.5898 9.2069 2.485244
Bicycle 56.3382 377.0127 26.055 11.0008 2.531413
Bicycle 128.6667 444.5556 11.0 29.0 0.589343
Bicycle 51.1667 366.5556 28.0 9.0 2.585616
Bicycle 43.0368 359.467 25.9496 6.379 2.628629
Bicycle 36.3955 350.6753 6.9426 23.7386 0.964029
Bicycle 17.5939 331.8926 10.7755 22.6537 0.730907
