Bicycle 308.3501 200.0788 9.2041 27.5124 0.276577
Bicycle 325.1667 206.5556 10.0 31.0 0.173402
Bicycle 345.6667 212.0556 9.0 26.0 0.53864
Bicycle 44.787 79.8647 10.2956 33.5494 0.504949
Bicycle 66.1667 83.5556 10.0 33.0 0.587421
Bicycle 99.1667 95.5556 9.0 32.0 0.394791
Bicycle 137.2113 120.5198 11.0444 29.1175 0.42968
Bicycle 194.1667 146.5556 8.0 37.0 0.362751
Bicycle 206.6667 151.0556 9.0 32.0 0.425183
Bicycle 284.6321 189.9044 11.3992 32.4852 0.422715
Bicycle 266.1667 181.5556 10.0 31.0 0.504743
Bicycle 364.6667 227.0556 9.0 32.0 0.247858
Bicycle 442.1667 219.0556 10.0 28.0 2.438616
Bicycle 432.5122 225.8254 8.0987 23.9748 2.714136
Bicycle 355.6667 218.5556 11.0 27.0 0.505258
Bicycle 389.1667 231.0556 8.0 26.0 0.495894
Bicycle 396.1667 241.5556 8.0 31.0 0.206076
Bicycle 406.1667 247.0556 10.0 30.0 0.064427
Bicycle 417.1667 238.5556 10.0 27.0 2.920874
Bicycle 521.6667 282.0556 31.0 10.0 2.886631
Bicycle 527.0666 292.2243 29.7621 9.787 2.554524
Bicycle 255.368 175.4739 8.8684 23.507 0.673776
Person 170.1667 205.0556 10.0 16.0 0.0
Person 171.1667 219.0556 12.0 16.0 0.0
Bicycle 529.6667 257.0556 15.0 10.0 0.0
Bicycle 531.6667 244.5556 23.0 11.0 0.0
Bicycle 544.6667 234.0556 25.0 8.0 0.0
