Bicycle 229.1667 348.0556 28.0 10.0 0.09935
Bicycle 228.6667 321.5556 25.0 9.0 0.0
Bicycle 228.1667 369.0556 26.0 8.0 0.106393
Bicycle 228.6667 302.0556 27.0 8.0 3.028419
Bicycle 225.6667 283.5556 25.0 9.0 0.0
Bicycle 228.4187 272.2776 28.773 7.8657 0.117304
Bicycle 194.3582 190.051 9.4205 27.0849 0.361144
Bicycle 205.1667 194.5556 5.7605 19.074 0.599175
Bicycle 230.1667 260.0556 32.0 8.0 2.991566
Bicycle 228.7977 83.9457 26.3619 6.1463 0.385586
Bicycle 222.1246 92.8795 8.1729 20.5652 2.400191
Bicycle 215.1667 202.5556 6.0 23.0 0.790137
Bicycle 226.1667 449.0556 30.0 10.0 0.0
Bicycle 225.6124 436.3922 30.9257 9.3045 0.020349
Bicycle 226.1667 235.0556 22.0 10.0 0.0
Bicycle 167.473 89.7013 8.062 28.5264 2.614306
Bicycle 196.1667 96.0556 10.0 18.0 2.688621
Bicycle 234.1667 213.5556 26.0 7.0 2.823831
Bicycle 227.8216 380.7633 19.294 7.4942 0.398729
Bicycle 231.1667 224.0556 28.0 8.0 0.0
Bicycle 218.1667 206.0556 28.0 8.0 2.551353
Bicycle 420.6667 429.5556 9.0 31.0 0.180866
Person 348.6667 212.0556 9.0 16.0 0.0
