Bicycle 28.1667 226.5556 10.0 39.0 0.0
Bicycle 75.1667 230.5556 10.0 31.0 0.0
Bicycle 136.1667 220.0556 10.0 28.0 3.072206
Bicycle 149.6667 221.0556 11.0 30.0 3.02939
Bicycle 215.6667 213.0556 9.0 26.0 0.0
Bicycle 236.6667 211.0556 9.0 30.0 3.074279
Bicycle 262.4107 206.1962 9.9852 28.3045 3.087101
Bicycle 281.6667 204.0556 11.0 28.0 2.748708
Bicycle 300.1667 199.5556 8.0 25.0 3.102525
Bicycle 312.1667 200.5556 10.0 27.0 0.0
Bicycle 325.1667 200.5556 10.0 27.0 2.821557
Bicycle 346.1667 190.0556 10.0 24.0 2.962079
Bicycle 358.1667 194.0556 8.0 30.0 2.938547
Bicycle 367.6667 195.0556 11.0 26.0 2.490183
Bicycle 376.2041 183.8535 8.4202 27.7215 2.42249
Bicycle 387.1667 153.0556 24.0 10.0 0.252894
Bicycle 384.4357 164.8615 21.7054 9.9293 0.613932
Bicycle 380.6667 175.0556 27.0 8.0 0.688991
Bicycle 527.1667 172.0556 10.0 30.0 0.0
Bicycle 499.1815 170.5017 8.9794 23.4472 0.36692
Bicycle 489.6667 165.5556 9.0 27.0 0.747442
Bicycle 492.6667 91.5556 25.0 9.0 2.973633
Bicycle 483.0078 111.0556 9.2128 24.7336 1.138389
Bicycle 480.1667 128.0556 26.0 8.0 2.787595
Bicycle 479.7409 140.9543 16.9338 8.4769 2.582414
Person 113.1667 289.5556 6.0 13.0 0.0
Person 117.1667 298.5556 12.0 17.0 0.0
