Bicycle 187.8171 155.578 22.984 9.0935 2.803495
Bicycle 201.1667 182.5556 30.0 9.0 2.660309
Bicycle 376.6667 464.0556 9.0 28.0 0.0
Bicycle 275.6667 348.0556 27.0 10.0 2.73565
Bicycle 269.1667 332.0556 24.0 10.0 2.805557
Bicycle 288.1476 370.969 24.7271 8.3599 2.745523
Bicycle 297.4763 384.3716 26.7881 9.2552 2.620226
Bicycle 307.6667 400.5556 25.0 9.0 2.732294
Bicycle 311.1667 410.5556 30.0 9.0 2.790208
Bicycle 317.3273 420.4692 25.1313 8.6271 2.551055
Bicycle 268.6667 321.5556 27.0 9.0 2.74307
Bicycle 213.4533 222.0627 22.6992 11.4572 2.673601
Bicycle 238.971 268.3886 24.3313 10.5638 2.631309
Bicycle 245.6667 278.5556 25.0 11.0 2.770701
Bicycle 256.6156 303.4556 23.2425 9.8867 2.628317
Bicycle 260.4157 313.7941 21.5119 9.4791 2.748791
Bicycle 367.1667 463.0556 10.0 28.0 0.0
Bicycle 348.2662 463.5304 13.4057 29.1376 0.423669
Bicycle 329.5955 435.2089 26.2656 16.8174 2.626397
Bicycle 334.9291 457.7681 11.0871 23.1867 0.74317
Person 77.1667 335.5556 10.0 17.0 0.0
Person 80.1667 351.0556 10.0 12.0 0.0
