Person 168.7794 505.0278 17.2255 13.9444 0.0
Person 255.1667 264.0556 10.0 24.0 0.0
Person 272.1667 285.0556 12.0 22.0 0.0
Person 307.4593 281.5576 8.6889 24.296 2.633312
Person 308.6667 310.5556 13.0 21.0 0.0
Person 266.1667 366.5556 8.0 21.0 0.0
Person 260.1667 386.5556 18.0 17.0 0.0
Person 445.1667 388.5556 18.0 21.0 0.0
Person 553.6667 74.5556 15.0 23.0 0.0
Person 621.6667 33.5556 9.0 21.0 0.0
Person 599.1667 90.5556 10.0 19.0 0.0
Person 610.6667 140.5556 11.0 25.0 0.0
Person 630.6667 136.5556 17.0 27.0 0.0
Person 634.5833 58.3662 10.8333 24.6212 0.0
