Person 43.1667 403.5556 14.0 27.0 0.0
Person 79.6667 468.0556 15.0 30.0 0.0
Person 89.1667 484.5556 14.0 27.0 0.0
Person 291.1667 372.0556 14.0 22.0 0.0
Person 307.6667 390.0556 9.0 26.0 0.0
Person 351.1667 303.0556 16.0 28.0 0.0
Person 369.1667 266.0556 12.0 26.0 0.0
Person 583.6667 43.5556 21.0 17.0 0.0
Person 593.1667 114.0556 12.0 32.0 0.135294
Person 579.1667 158.0556 14.0 36.0 0.0
Person 420.6667 380.5556 17.0 21.0 0.0
Person 373.1667 413.0556 14.0 26.0 0.0
Person 477.6667 467.0556 11.0 20.0 0.476533
