Person 448.6667 139.0556 9.0 24.0 0.0
Person 500.6667 138.0556 9.0 28.0 0.0
Person 271.6667 336.0556 11.0 24.0 0.0
Person 249.1667 339.5556 12.0 25.0 0.0
Person 370.9835 450.438 9.5219 22.786 0.050209
Person 482.6667 218.0556 11.0 26.0 0.0
Person 467.6667 187.0556 11.0 20.0 0.0
Person 492.6667 159.0556 9.0 22.0 0.0
Person 516.6667 186.5556 11.0 23.0 0.0
Person 561.6667 203.0556 9.0 24.0 0.0
Person 568.6667 194.0556 11.0 22.0 0.0
Person 333.6667 379.0556 13.0 24.0 0.0
Person 293.6667 402.5556 9.0 23.0 0.0
Person 247.1667 375.0556 12.0 26.0 0.0
Person 220.1667 344.0556 10.0 18.0 0.0
Person 231.1667 361.0556 16.0 22.0 0.0
