Person 164.3313 30.3735 12.0 24.0 0.0
Person 395.1371 121.8567 10.4202 26.5212 0.123647
Bicycle 419.1758 98.0142 30.8623 18.9438 2.966605
Bicycle 427.4206 165.1365 23.2488 12.4017 0.081246
Bicycle 428.3346 176.6931 27.3167 15.194 0.081246
Bicycle 421.3346 192.6931 25.161 13.3629 0.081246
Bicycle 428.3346 213.6931 31.7905 20.8496 0.081246
Bicycle 421.3313 240.3735 25.6209 17.988 2.993119
Bicycle 422.8313 262.8735 31.1657 16.6943 3.131759
Bicycle 428.2492 280.0267 28.0183 14.9698 3.131759
Bicycle 426.2492 299.5267 33.9885 18.0286 3.131759
Bicycle 473.2101 332.754 32.273 17.7148 0.009891
Bicycle 497.0881 367.3504 38.2609 16.6086 2.634891
