Person 222.3313 159.8735 16.0 17.0 0.0
Person 266.8313 168.3735 15.0 20.0 2.889038
Person 275.6811 203.8628 11.8876 13.2856 0.428039
Person 244.5142 229.4361 16.0713 21.8269 0.482633
Person 232.3313 253.3735 16.0 18.0 0.0
Person 237.2587 268.9763 12.3985 21.8683 0.350124
Person 347.8126 220.329 10.7531 16.1588 0.216141
Person 373.2025 282.5458 11.2014 20.9573 0.395702
Person 445.8557 350.6051 13.2426 20.2619 3.036716
Person 556.8313 61.8735 16.6841 19.8907 0.59984
Person 516.8313 3.6867 19.0 7.3735 0.0
