Person 490.3313 165.8735 12.0 15.0 2.950031
Person 503.3313 194.8735 18.0 19.0 0.0
Person 466.3313 254.3735 15.3836 22.0759 2.912221
Person 491.9808 241.4666 11.6204 25.2796 2.685521
Person 515.9057 253.7583 18.7651 19.7892 0.636153
Person 528.3016 237.0708 11.6388 21.9142 2.688361
Person 607.7367 265.4094 11.0289 18.0881 0.201317
Person 166.8313 441.8735 23.0 17.0 0.0
Person 268.3313 456.8735 14.0 15.0 0.0
Person 207.4472 481.7706 16.7407 17.0742 0.531898
Person 257.8313 477.3735 13.0 16.0 0.0
Person 346.1072 504.6867 17.5518 14.6265 0.0
