Person 296.3313 292.8735 16.0 31.0 0.0
Person 303.3313 389.3735 14.0 30.0 0.0
Bicycle 321.8976 245.1636 23.5562 12.4609 0.11884
Bicycle 317.8313 274.8735 25.0 17.0 0.0
Bicycle 322.3313 256.8735 24.0 17.0 0.0
Bicycle 325.8313 298.8735 33.0 21.0 0.0
Bicycle 320.8313 326.3735 27.0 18.0 2.877629
Bicycle 324.3313 350.3735 30.0 16.0 0.0
Bicycle 329.0175 370.4838 27.4897 13.5213 2.961739
Bicycle 331.8313 393.8735 29.0 15.0 3.090875
Bicycle 365.245 258.7872 25.4725 17.0604 0.172191
Bicycle 409.3313 460.8735 32.7931 19.8397 2.46668
Bicycle 381.171 424.3006 22.0206 17.8093 2.46668
Bicycle 366.3313 411.3735 16.0 18.0 0.0
Bicycle 372.8313 393.8735 13.0 17.0 0.0
Bicycle 310.936 174.9886 28.1813 21.519 2.716241
