Person 58.8313 157.8735 15.0 29.0 0.1703
Person 460.4942 141.288 13.9393 21.9893 0.184266
Person 543.3313 143.8735 10.0 23.0 0.061356
Person 549.3313 163.8735 10.0 19.0 0.0
Person 308.8313 277.3735 15.0 20.0 0.084902
Person 309.8313 322.8735 17.0 29.0 0.0
Person 289.8313 330.3735 17.0 28.0 0.0
Person 291.212 356.1085 16.268 25.5448 0.059631
Person 371.5925 363.1238 17.1486 27.5264 0.059631
Person 510.5925 194.6238 12.9769 24.7701 0.059631
Person 534.8472 273.6968 14.4943 28.6619 0.249504
Person 357.8472 483.6968 13.0128 22.8477 0.249504
Person 288.4966 478.3267 14.5375 22.5745 2.733924
Person 250.3313 303.8735 14.0 15.0 0.0
