Person 630.8313 126.8735 9.0 15.0 0.0
Person 81.3313 239.3735 10.0 20.0 0.0
Person 204.8313 312.8735 13.0 17.0 0.0
Person 175.8313 339.3735 13.0 22.0 0.0
Person 199.3313 337.8735 10.0 19.0 0.0
Person 212.3313 335.3735 10.0 16.0 0.0
Person 220.3313 322.3735 12.0 16.0 0.0
Person 238.3313 345.3735 10.0 18.0 0.0
Person 257.8313 341.3735 11.0 28.0 0.0
Person 266.8313 388.3735 12.1291 18.598 0.047583
Person 367.8313 222.3735 9.0 16.0 0.0
Person 414.8313 233.3735 9.0 16.0 2.996094
Person 383.3313 255.8735 14.0 11.0 0.0
