Person 69.5045 154.8237 17.0573 27.3311 0.298771
Person 271.9745 324.8175 18.2214 29.1964 0.116196
Person 319.185 347.2759 13.2601 21.8801 0.116196
Person 325.8313 359.8735 15.0 25.0 0.0
Person 283.3313 390.8735 12.0 23.0 2.958434
Person 281.4505 413.4167 12.8069 25.9885 0.186653
Person 373.7781 415.6172 13.6922 22.4392 3.077265
Person 545.6612 325.8751 15.5211 22.6394 0.17508
Person 410.8313 504.3735 15.0 14.0 0.0
Person 573.2608 226.2789 15.4178 25.6858 0.195263
Person 558.7788 213.0831 18.1003 17.259 0.195263
Person 554.4531 193.1175 11.9769 20.5792 0.195263
Person 517.3313 229.8735 14.2725 20.6227 0.195263
