Person 169.3313 138.8735 16.0 29.0 0.0
Person 252.4777 347.2136 15.029 29.1766 0.300874
Person 287.6101 378.0791 14.7461 24.9088 0.128129
Person 349.6101 368.0791 14.7461 24.9088 0.196852
Person 344.5733 386.8983 14.2121 22.6073 0.196852
Person 306.9911 440.9303 13.4441 24.8492 0.183635
Person 283.9911 454.4303 16.6887 31.3663 0.183635
Person 378.9911 453.9303 17.0116 22.1524 0.183635
Person 550.3479 364.7938 13.9527 23.3842 0.392939
Person 552.437 284.0443 14.264 23.83 0.255116
Person 568.1835 298.3124 16.6537 30.0943 0.139866
Person 604.1941 248.7445 13.2631 23.8152 0.49807
Person 595.7347 263.2145 14.0828 15.2891 0.229642
