Bicycle 427.3313 292.8735 34.0 21.0 0.0
Bicycle 427.7173 317.1788 28.2291 13.332 0.188653
Bicycle 435.8313 378.8735 33.0 19.0 0.148118
Bicycle 435.1226 396.208 33.675 19.5757 0.148118
Bicycle 431.3175 413.5421 30.9856 14.0766 0.076645
Bicycle 436.8702 439.8558 34.8956 24.4351 0.076645
Bicycle 431.7443 473.8163 31.8935 21.7241 2.801683
Bicycle 480.3313 365.8735 23.7598 15.2471 2.170822
Bicycle 479.3313 388.8735 24.0 13.0 0.0
Bicycle 484.9454 471.7075 25.1961 11.3279 2.888872
Bicycle 486.4894 492.4302 26.5611 13.3866 0.530305
