Person 68.3313 106.8735 10.0 19.0 2.934734
Person 594.8313 29.8735 11.0 13.0 0.01181
Person 618.1636 48.0556 10.3795 17.4665 0.075329
Person 578.3313 49.8735 10.0 17.0 0.0
Person 338.8313 139.3735 11.0 20.0 0.0
Person 353.3313 142.8735 10.0 17.0 0.0
Person 356.3313 147.3735 12.0 16.0 0.0
Person 374.3313 135.3735 12.0 16.0 0.0
Person 195.8313 205.3735 13.0 20.0 0.160883
Person 202.3313 178.8735 12.0 19.0 0.0
Person 180.3313 205.3735 16.0 22.0 0.0
Person 221.3313 189.3735 10.0 18.0 0.0
Person 240.8313 248.8735 9.0 13.0 0.0
