Person 223.3313 34.8735 12.0 27.0 0.0
Person 241.3313 62.8735 12.0 25.0 0.0
Person 205.3313 95.8735 12.0 17.0 0.0
Person 303.8313 69.3735 15.0 28.0 0.0
Person 322.8313 111.8735 13.0 25.0 0.0
Person 270.3313 97.8735 12.0 27.0 0.0
Person 330.3313 141.3735 12.0 20.0 0.0
Person 334.1997 178.1953 11.7763 25.7159 0.0581
Person 327.6997 205.6953 12.4843 20.6663 0.0581
Person 477.969 37.0629 15.2747 29.1017 0.143341
Person 528.0789 17.9141 14.1281 20.8809 0.165074
Person 43.1778 350.3883 15.5731 23.9859 3.022752
