Person 152.8313 116.3735 15.0 14.0 0.0
Person 577.8313 31.8735 15.0 13.0 0.0
Person 603.8313 77.8735 15.0 29.0 0.0
Person 528.8313 110.8735 31.0 17.0 0.0
Person 374.3313 342.8735 10.0 11.0 0.0
Person 396.5517 339.0737 13.3 19.398 0.558599
Person 478.3313 376.3735 14.0 18.0 0.0
Person 408.0618 367.9977 16.269 20.1533 0.707144
Person 373.8313 383.8735 10.9315 19.2484 2.409042
Person 374.3313 419.3735 22.0 14.0 0.0
Person 470.3297 447.3638 20.9191 19.0359 0.595711
Person 504.6129 236.7444 11.3455 18.8079 3.10049
