Person 147.6935 45.4294 8.7458 22.1054 3.117501
Person 295.461 127.3316 10.7627 15.8182 0.418224
Person 333.3313 145.8735 10.0 17.0 0.0
Person 280.3313 176.8735 13.3759 22.228 0.060826
Person 298.9433 180.3756 10.7444 22.0112 3.140151
Person 353.3313 165.8735 10.0 21.0 0.0
Person 443.8313 191.8735 13.0 17.0 0.0
Person 415.3313 262.8735 10.0 21.0 0.274641
Person 404.6117 217.7212 13.0445 20.0632 0.3472
Person 492.7819 26.7694 11.3798 20.9187 0.204214
Person 503.3313 27.8735 10.0 21.0 0.0
Person 486.3313 11.8735 12.0 15.0 0.0
Person 504.5963 12.1388 13.9688 17.7075 0.234593
Person 515.8313 9.8735 9.0 15.0 0.267411
