Person 10.3313 47.3735 14.0 20.0 0.0
Person 339.3313 152.8735 12.0 15.0 0.0
Person 294.1524 197.7425 11.1363 18.3256 0.705111
Person 576.0675 7.6867 13.4724 15.3735 0.0
Person 580.2112 75.9487 12.0191 18.6767 0.080027
Person 486.2755 131.8198 10.9151 24.6515 0.124355
Person 460.3313 231.8735 20.0 21.0 0.0
Person 366.8313 224.3735 11.0 18.0 0.0
Person 348.3313 229.8735 12.0 21.0 0.0
Person 354.2764 251.2637 14.2553 17.5449 0.218669
Person 356.3313 274.3735 12.0 12.0 0.0
Person 449.6135 303.3249 13.2483 21.4579 0.253819
