Car 11.5 206.8735 23.0 33.0 0.0
Car 18.8348 320.4454 31.1599 51.5575 0.079017
Car 69.7848 174.003 26.9999 34.6688 3.138916
Car 71.7848 202.003 26.9999 34.6688 3.012178
Car 106.7848 202.003 26.9999 34.6688 3.012178
Car 135.4614 203.3026 26.4106 33.2427 3.100941
Car 119.9614 169.8026 25.2895 36.1996 3.100941
Car 160.139 168.994 26.139 32.6658 3.003574
Car 202.139 164.994 26.139 32.6658 3.003574
Car 245.188 160.4151 22.0128 29.8648 0.00999
Car 285.7042 160.63 24.0199 35.6411 2.985956
Car 328.7042 159.63 24.64 31.6895 2.985956
Car 360.7042 153.63 24.64 31.6895 2.885626
Car 375.4425 183.5436 28.3338 38.7821 2.867355
Car 443.3823 143.9821 22.7735 34.7455 2.985505
Car 576.0555 162.9661 29.7516 37.0817 2.896754
Car 192.7302 196.4788 25.9607 33.0684 2.896754
Car 116.9391 273.1575 26.1827 34.4712 3.000023
Car 117.5644 316.8265 26.946 44.073 3.109854
Car 150.1815 276.1167 28.8268 40.9619 2.944214
Car 282.1815 264.1167 28.8268 40.9619 3.048111
Car 252.3246 306.6668 25.0452 43.9791 3.119433
Car 286.6852 305.7515 27.7589 44.2438 3.106546
Car 351.0187 303.6412 26.7666 41.8514 2.994132
Car 438.0187 254.6412 26.7666 41.8514 2.994132
Car 469.1501 253.1268 27.1127 40.8475 3.059719
Car 536.1501 249.1268 27.1127 40.8475 2.970637
Car 564.1501 247.1268 27.1127 40.8475 2.970637
Car 511.5056 294.1722 28.878 47.2764 3.019103
