Person 63.8313 180.8735 13.0 19.0 0.0
Person 502.9981 95.7042 11.1026 24.9899 0.367174
Person 472.3313 120.8735 16.0 13.0 0.0
Person 482.8643 126.4264 14.8123 26.1317 0.417839
Person 557.7732 162.6614 13.0397 17.8066 0.394658
Person 303.8313 267.3735 15.0 22.0 0.0
Person 325.3313 317.8735 10.0 23.0 0.0
Person 362.3313 305.3735 10.0 18.0 0.0
Person 351.3313 293.8735 12.0 21.0 0.0
Person 351.3313 311.3735 12.0 16.0 0.0
Person 359.3313 318.8735 10.0 19.0 0.0
Person 441.3313 275.3735 14.0 22.0 0.0
Person 413.2835 347.8147 13.0 17.6158 0.505495
