Car 53.3313 148.8735 31.7196 56.0613 0.030417
Car 215.3313 103.3735 29.5685 51.1244 0.030417
Car 237.006 143.8529 27.2289 41.9979 3.107352
Car 314.2349 96.6969 27.5937 49.6907 3.129495
Car 372.2349 100.6969 27.6421 45.691 3.129495
Car 313.2349 143.6969 27.6421 45.691 3.006943
Car 354.3961 143.3148 30.2752 48.8511 3.098238
Car 389.4854 145.0136 28.0682 42.4608 3.055388
Car 423.5034 100.7219 31.7951 46.2122 3.055388
Car 470.5034 96.7219 31.7951 46.2122 3.098324
Car 526.9122 96.3993 30.4061 43.6694 0.079583
Car 578.2257 98.1802 32.8805 49.3006 3.114349
Car 459.8097 145.8829 32.3256 46.6331 3.0364
Car 626.0 99.3735 26.0 44.0 0.0
Car 167.8313 258.3735 33.9272 57.9132 0.053936
Car 239.3924 308.459 35.0569 58.0235 0.053936
Car 361.1768 258.6482 33.5005 58.4499 3.110898
Car 401.3022 258.0706 33.687 59.3113 3.066208
Car 361.0384 317.0686 32.1743 61.2769 0.020342
Car 566.2226 260.4172 34.0297 60.8167 3.041504
Car 571.0708 317.927 31.6515 61.6471 3.060841
Car 525.8313 320.8735 33.0 59.0 0.0
