Car 84.3561 119.1848 36.2008 67.8716 2.997084
Car 129.8233 113.2683 40.6518 70.9102 2.956364
Car 313.9721 93.1427 39.0195 70.3653 2.965894
Car 528.9721 62.1427 39.0195 70.3653 2.965894
Car 576.3143 58.371 37.9561 68.6384 2.987615
Car 92.3143 196.371 37.9561 68.6384 3.051657
Car 279.0927 171.6439 35.4914 69.0768 3.097863
Car 327.0249 166.2995 38.9754 72.7862 3.033317
Car 416.0249 159.2995 38.9754 72.7862 2.965222
Car 628.1657 137.8735 21.6687 79.0 0.0
Car 367.5414 339.3117 43.3702 76.7712 2.931669
Car 616.1657 317.8735 45.6687 87.0 0.0
