Person 126.3313 140.3735 9.8328 20.5747 2.926367
Person 44.3313 122.8735 10.0 9.0 0.0
Person 554.3313 12.3735 14.0 22.0 0.0
Person 594.385 45.8425 14.0801 20.9371 0.008928
Person 564.1069 90.5591 14.2453 22.5102 0.05915
Person 593.3313 92.3735 16.0 14.0 0.0
Person 598.8313 101.8735 11.0 15.0 0.0
Person 616.23 89.1673 16.0467 23.3176 1.05338
Person 458.5501 200.9702 18.1763 22.8452 0.264852
Person 455.3313 270.8735 16.0 17.0 0.0
Person 414.2027 327.5058 14.4102 11.3441 0.761674
Person 492.8313 385.3735 15.0 18.0 0.206404
Person 419.8794 370.4998 11.2647 16.4773 0.453666
Person 399.3313 373.3735 12.0 16.0 0.0
Person 398.3313 304.8735 10.0 17.0 0.531724
Person 354.3313 417.8735 20.362 12.2634 0.773528
Person 473.6461 456.5865 18.8419 18.8227 0.800887
Person 453.3313 430.3735 16.0 22.0 0.0
