Car 132.2692 105.0579 42.5494 79.8903 0.0975
Car 335.2701 57.0195 34.9254 63.7607 0.217794
Car 454.2701 67.0195 34.9254 63.7607 0.117855
Car 523.475 76.3194 34.6388 60.348 0.12412
Car 587.0647 80.5205 36.0374 60.5794 0.023766
Car 348.7004 129.9996 37.9777 67.3814 0.179017
Car 441.4753 132.6008 35.1318 62.8074 0.084399
Car 491.8775 139.1455 34.4952 69.9687 0.078421
Car 532.3775 147.6455 34.4737 56.9303 0.078421
Car 619.682 151.9802 36.3156 61.0178 0.006334
Car 632.6657 88.8735 12.6687 61.0 0.0
Car 240.666 272.412 39.0512 81.0903 0.232283
Car 470.3561 304.1246 40.7226 80.274 0.041902
Car 521.0337 308.5422 37.8713 77.2939 0.067206
Car 312.3313 358.8735 40.6147 77.0678 0.243535
Car 452.2673 391.2005 40.3128 75.7499 0.130308
