Car 50.7944 68.9619 36.5206 66.8457 3.040601
Car 114.4992 63.4334 38.4713 64.1022 2.955554
Car 175.4992 53.9334 37.9164 67.0504 2.955554
Car 240.5441 42.4686 34.9715 62.4508 3.101268
Car 303.7077 40.9184 35.5093 64.0344 2.980123
Car 366.8313 33.8735 38.2095 59.6493 2.98584
Car 417.3729 29.1867 47.9169 58.3735 0.0
Car 542.8313 18.6867 41.0 37.3735 0.0
Car 36.9849 143.8038 34.2278 68.0575 2.959084
Car 80.6552 138.9099 35.7189 56.3458 2.959084
Car 168.1552 127.9099 38.8209 67.0872 2.959084
Car 445.1111 91.8704 40.0957 77.6751 2.885852
Car 65.8094 316.0363 38.4705 85.8178 2.988748
Car 115.7984 310.4648 40.5994 84.9894 2.988748
Car 317.2984 289.4648 41.2833 87.1183 2.988748
Car 552.817 253.0294 38.639 80.9293 2.955189
Car 600.3322 250.1098 37.6563 80.9077 2.955189
Car 72.9784 411.7826 40.4691 82.0164 3.05582
Car 278.8656 383.9517 41.9724 82.4187 3.105347
Car 331.4888 374.1617 42.9432 86.9316 3.027019
Car 428.7993 367.8874 41.7604 85.1912 2.973685
