Person 485.0176 166.667 9.5973 12.3434 0.492031
Person 536.1341 182.9399 14.3164 19.7358 0.17924
Person 543.8313 203.3735 13.0 24.0 0.0
Person 518.8313 211.3735 11.0 16.0 2.984117
Person 508.3313 225.8735 10.0 23.0 0.0
Person 482.8313 233.8735 11.0 19.0 0.203045
Person 432.3313 384.3735 12.0 24.0 0.0
Person 340.3313 399.8735 12.0 21.0 0.0
Person 378.7484 406.1182 15.0244 23.4174 0.077514
Person 311.1126 412.5215 15.8904 18.0969 0.272318
Person 331.3313 445.8735 12.0 17.0 0.0
Person 323.8313 451.3735 13.0 20.0 0.0
Person 467.3313 478.3735 12.0 20.0 0.329326
Person 422.1017 460.2082 16.279 21.582 0.212204
