Car 9.6657 414.3735 19.3313 50.0 0.0
Car 8.6657 159.8735 17.3313 39.0 0.0
Car 28.6657 70.8735 23.3313 35.0 0.0
Car 48.3313 92.3735 21.5753 23.1194 2.996273
Car 58.3927 184.2002 26.7244 36.4197 0.098674
Car 102.3917 65.6643 20.4746 27.1551 3.128626
Car 104.0573 90.8142 21.3494 29.6641 2.952364
Car 145.684 66.3915 22.5843 29.0788 3.097966
Car 183.0464 64.2565 24.7266 30.6528 2.865385
Car 218.2172 61.4031 25.3729 29.0366 2.958805
Car 258.1858 57.5872 21.4584 26.6313 3.13215
Car 294.37 57.7812 25.618 29.3667 3.060129
Car 333.37 57.7812 25.7807 27.3733 3.060129
Car 363.8028 55.9737 24.9479 25.5841 2.96487
Car 436.7853 48.4522 25.939 30.8015 3.034161
Car 374.4243 77.2358 24.6904 38.3736 2.844323
Car 556.2325 61.362 27.3055 35.2402 2.853315
Car 133.8313 91.3735 23.0 30.0 0.0
Car 159.4951 93.162 22.3995 25.5955 3.090708
Car 210.4951 88.162 22.3995 25.5955 2.962478
Car 143.4815 149.6752 25.8876 34.82 3.088482
Car 145.4815 181.6752 25.8876 34.82 3.088482
Car 173.4522 151.1442 26.1908 31.7725 3.023273
Car 290.4522 143.1442 26.1908 31.7725 3.023273
Car 265.6304 173.4967 22.3662 38.3761 3.114388
Car 296.6304 174.4967 26.4191 36.4856 3.04762
Car 350.5622 173.9278 26.7629 33.3636 2.988479
Car 431.2338 135.257 26.065 33.9785 3.077272
Car 458.2338 134.257 27.9323 36.1029 3.077272
Car 517.2338 130.257 24.3263 29.8582 3.077272
Car 543.2473 130.3635 27.4581 37.4838 2.950335
Car 494.283 165.9522 29.1061 40.8999 3.013381
