Bicycle 242.3972 247.2989 37.4207 18.8699 2.630362
Bicycle 234.7153 235.1449 35.7366 17.1681 2.630362
Bicycle 212.8105 203.9421 31.8626 18.7702 2.579553
Bicycle 205.8105 191.4421 36.4067 14.7265 2.579553
Bicycle 192.4305 175.7367 41.1447 16.2485 2.460728
Bicycle 176.8166 157.9239 39.2264 18.2844 2.460728
Bicycle 165.8166 143.9239 32.3415 16.1401 2.460728
Bicycle 155.9784 130.413 35.8138 21.3925 2.460728
Bicycle 133.9168 70.368 36.7384 16.8779 2.460728
Bicycle 117.9032 56.7535 34.0844 23.0574 2.565295
Bicycle 89.7838 26.8735 36.8885 18.1395 2.660247
Bicycle 110.7236 100.6152 34.8651 16.6384 0.884669
Bicycle 76.7762 129.0642 35.5072 16.7513 0.578313
Bicycle 50.1285 146.5289 38.6295 14.8594 0.862989
Bicycle 73.3313 11.8735 34.0 21.0 0.0
Bicycle 58.1876 256.3383 41.1918 21.4009 2.487688
Bicycle 78.0266 279.8722 31.6782 16.2779 2.430911
Bicycle 95.0326 289.772 34.8542 16.396 2.460629
Bicycle 105.9817 304.213 35.2973 15.6523 2.682262
Bicycle 113.9203 316.17 39.0969 13.7469 2.612809
Bicycle 125.3313 325.8735 37.3701 16.3853 2.612809
Bicycle 130.8313 343.8735 39.5335 22.0703 2.612809
Bicycle 42.9637 304.6567 35.8036 16.8536 2.129257
Bicycle 20.2557 279.6676 33.6057 13.5747 2.524452
Bicycle 5.1657 242.3735 10.3313 18.0 0.0
Car 431.3313 501.1867 38.0 19.6265 0.0
