Person 99.8149 283.8961 10.3423 16.9368 2.830288
Person 331.8313 350.3735 11.0 14.0 0.0
Person 359.7421 27.1308 9.0923 13.7956 0.131397
Person 349.3313 33.3735 10.0 16.0 0.0
Person 328.3313 38.8735 8.0 11.0 0.0
Person 333.3313 44.8735 8.0 11.0 0.0
Person 261.6158 72.4745 8.0191 14.3578 2.913765
Person 266.0314 83.3741 8.0408 12.6679 2.944197
Person 249.3313 68.8735 8.0 15.0 0.0
Person 244.8126 83.5164 7.4915 24.7765 2.962675
Person 234.8313 74.3735 7.0 12.0 0.0
Person 228.8313 74.3735 9.0 16.0 0.0
Car 85.8986 29.7254 17.5891 10.4929 0.691084
Car 95.0874 24.2952 12.2147 10.8639 0.691084
Car 120.6081 20.7575 16.4416 9.059 0.65931
Car 128.8313 15.3735 13.8535 10.6339 0.503715
Car 146.5339 12.6287 13.6786 9.1719 0.633501
Car 154.1944 8.5582 15.4627 7.2284 0.487622
