Car 31.2766 149.8379 11.3493 18.223 2.391972
Car 42.2373 145.0301 8.6554 14.4603 2.391972
Car 66.4076 138.1163 17.5473 9.8213 0.659629
Car 75.3313 131.3735 14.4948 9.2683 0.38164
Car 94.3119 128.2815 13.5433 8.5943 0.576933
Car 102.9477 124.2456 18.3456 11.5695 0.855233
Car 111.3313 117.3735 14.0 10.0 0.0
Car 131.296 113.7464 12.2275 9.9876 0.625109
Car 136.8313 107.3735 17.0 12.0 0.074261
Car 156.3313 104.8735 16.5647 9.5191 0.226799
Car 161.3377 99.4436 18.2442 11.5282 0.176776
Car 187.2369 89.7921 15.4883 10.6932 0.344334
Car 193.8313 82.3735 15.0 10.0 0.0
Person 259.8313 459.3735 11.0 16.0 0.0
Person 83.8313 491.3735 11.0 14.0 0.0
Person 322.8313 152.8735 7.0 15.0 0.0
Person 311.3313 154.8735 8.0 15.0 0.0
Person 286.3313 146.8735 10.0 15.0 0.0
Person 282.3313 167.8735 8.0 15.0 0.0
Person 235.8313 164.3735 9.0 14.0 0.0
Person 227.3313 206.3735 8.0 20.0 2.916554
Person 217.8313 196.3735 9.0 24.0 0.0
Person 206.8313 194.3735 7.0 14.0 0.0
Person 196.8313 220.8735 9.0 21.0 0.0
Person 183.3313 205.8735 8.0 15.0 0.0
Person 169.3313 211.3735 8.0 12.0 0.0
Person 564.8313 43.3735 9.0 16.0 0.0
Person 556.8313 32.8735 7.0 13.0 0.0
