Person 545.3313 142.3735 18.0 20.0 0.0
Person 489.1897 126.1007 13.8807 23.0817 0.107786
Person 455.9313 142.6269 11.2764 22.4102 0.107786
Person 467.9313 178.6269 11.0613 20.4218 0.107786
Person 355.2992 366.7208 12.6171 14.1339 0.107786
Person 339.8313 329.3735 11.0 14.0 3.103068
Person 314.5447 362.6983 9.7284 19.1522 0.213969
Person 319.8313 334.3735 9.0 20.0 0.0
Person 296.2925 312.7405 11.6767 18.9724 3.009271
Person 286.1631 314.8302 10.9749 20.4733 0.371841
Person 298.8313 338.3735 12.3961 21.7103 2.90658
Person 286.8313 339.3735 11.0 20.0 0.0
Car 18.6657 63.8735 37.3313 45.0 0.0
Car 27.6657 38.3735 55.3313 48.0 0.0
Car 49.1657 18.6867 62.3313 37.3735 0.0
