Car 67.4447 55.8658 12.565 11.6879 2.450175
Car 91.1167 54.2376 11.614 16.6205 2.510513
Car 124.245 44.0176 10.0976 13.9546 2.270524
Car 131.9152 39.5719 10.2196 13.3807 2.199479
Car 156.5386 33.1573 16.2592 18.3055 2.350523
Car 186.7085 22.7816 9.7455 15.094 2.271995
Car 168.3313 26.8735 14.0 7.0 0.0
Car 190.3313 17.3735 14.0 10.0 0.0
Car 213.055 14.2708 20.418 14.253 0.337195
Person 280.8313 367.3735 11.0 18.0 0.0
Person 390.8313 59.3735 9.0 16.0 0.0
Person 385.3313 48.3735 8.0 14.0 0.0
Person 362.3313 58.3735 8.0 12.0 0.0
Person 338.3313 67.3735 8.0 18.0 0.0
Person 256.3313 99.3735 8.0 14.0 2.999696
Person 247.3313 102.3735 10.0 14.0 0.0
Person 255.0801 118.2561 9.478 19.5974 2.862967
Person 233.8313 107.3735 13.0 14.0 0.0
