Bicycle 125.8313 163.8735 13.0 9.0 2.733444
Bicycle 136.8313 187.8735 19.097 8.7923 2.757705
Bicycle 142.8313 196.8735 23.0 9.0 3.068475
Bicycle 155.8313 208.8735 17.4444 11.7343 2.605318
Bicycle 165.8313 216.3735 21.3938 10.5502 2.605318
Bicycle 147.5156 227.8962 19.5086 9.2193 0.86941
Bicycle 105.5031 240.2634 10.2842 19.7666 2.58744
Bicycle 122.8163 235.5231 11.0814 22.0987 2.388437
Bicycle 58.3313 257.3735 10.6247 20.1771 2.321725
Bicycle 54.8313 277.3735 22.9229 14.4063 2.506566
Bicycle 91.3313 283.8735 25.9313 15.3808 2.506566
Bicycle 65.1484 294.6504 20.6881 11.0734 2.721111
Bicycle 77.8313 307.3735 19.0456 14.222 2.245003
Bicycle 102.9914 296.6342 23.3968 10.2858 2.590867
Bicycle 112.6216 302.3414 22.0469 10.6163 2.466706
Bicycle 118.0269 311.1194 25.4565 10.776 2.466706
Bicycle 126.5423 318.7785 21.013 10.7607 2.718739
Bicycle 127.7502 327.185 26.3477 11.855 2.718739
Bicycle 13.6657 320.8735 22.5964 15.4079 2.762946
Bicycle 4.1657 293.2965 8.3313 9.8461 0.0
Bicycle 9.6657 309.706 19.3313 14.6651 0.0
Bicycle 18.1126 332.6379 21.7429 15.596 2.762946
Bicycle 28.8313 342.3735 21.0 12.0 0.0
Bicycle 27.2198 355.6926 22.5369 11.5344 2.96359
Bicycle 170.1738 239.1883 25.4807 12.8703 2.54638
Bicycle 180.6738 251.1883 26.3088 13.431 2.54638
Bicycle 187.1738 258.6883 26.5761 14.8197 2.54638
Bicycle 196.6738 270.6883 27.4042 15.3804 2.54638
Bicycle 207.2066 285.7136 23.238 12.4984 2.54638
Bicycle 212.2066 294.2136 23.7987 11.6704 2.696245
Car 363.8375 34.4872 22.1224 38.1182 0.080447
Car 341.0688 166.9252 23.1362 43.102 0.080447
Car 307.7778 438.5656 27.0618 57.938 0.148341
Car 296.0819 497.6867 23.5012 26.6265 0.0
