Person 210.3313 132.8735 10.0 17.0 0.0
Person 220.3313 128.8735 8.0 19.0 0.0
Person 238.3313 127.8735 10.0 17.0 0.0
Person 242.3313 118.3735 14.0 16.0 0.0
Person 251.8313 136.3735 9.0 18.0 0.314758
Person 263.0418 135.7989 8.1856 17.3697 2.77527
Person 327.8313 59.3735 9.0 14.0 0.0
Person 340.3313 53.8735 10.0 17.0 3.129015
Person 366.8313 57.3735 7.0 16.0 0.0
Person 367.8313 67.8735 9.0 17.0 0.0
Bicycle 427.9101 329.8789 7.6865 15.5696 0.566588
Car 17.1662 48.4025 30.8866 15.1116 0.51153
Car 27.3313 39.8735 22.0 11.0 0.0
Car 62.9398 26.4198 20.0358 11.5282 0.691974
Car 73.3662 18.3757 23.9754 11.5544 0.676312
Car 92.4849 13.8674 28.8808 13.8934 0.597556
Car 105.3313 7.8735 32.0 15.0 0.0
