Person 347.8313 99.3735 11.0 14.0 0.0
Person 361.3313 300.8735 10.0 19.0 0.0
Person 350.8313 303.3735 7.0 20.0 0.0
Person 343.3313 306.3735 10.0 18.0 0.0
Person 338.8313 294.8735 9.0 15.0 0.0
Person 217.8313 398.8735 11.0 17.0 0.0
Person 208.8313 393.3735 9.0 22.0 0.0
Person 194.3313 405.3735 12.0 18.0 0.0
Person 209.1496 418.2096 10.7383 22.1304 2.838213
Person 224.3313 425.8735 8.0 19.0 0.0
Person 218.3313 440.3735 10.0 22.0 0.0
Person 167.8313 413.8735 11.0 19.0 0.0
Person 156.3313 419.8735 12.0 17.0 0.0
Car 173.2629 160.4613 40.1871 18.3406 0.469461
Car 156.2629 172.9613 38.8559 16.544 0.469461
Car 144.7629 184.4613 36.6329 14.295 0.469461
Car 124.7629 193.9613 31.6824 19.6329 0.469461
Car 115.2629 207.9613 36.1675 17.4228 0.469461
Car 95.3402 215.9078 34.5603 16.5093 0.574759
Car 79.3402 226.4078 37.374 19.5232 0.574759
Car 58.3402 237.9078 34.0644 20.9539 0.574759
Car 41.3402 250.9078 39.5963 19.7711 0.574759
Car 24.8402 261.4078 35.9433 16.2136 0.574759
Car 10.1657 269.3735 20.3313 22.0 0.0
Car 4.1657 284.7889 8.3313 10.8307 0.0
