Bicycle 224.5387 267.9296 32.6454 13.6213 2.581288
Bicycle 216.2118 257.1042 35.2944 15.6955 2.581288
Bicycle 197.7118 225.1042 32.3216 18.5524 2.581288
Bicycle 192.2118 212.1042 38.0515 15.0642 2.581288
Bicycle 178.8409 197.7004 36.289 12.8139 2.521657
Bicycle 164.4381 178.0172 39.6553 13.674 2.487216
Bicycle 153.9381 166.0172 31.6666 12.5871 2.487216
Bicycle 144.4381 152.5172 37.8293 16.0543 2.487216
Bicycle 108.1112 356.0128 39.7143 20.1275 2.733676
Bicycle 103.1112 338.5128 35.3967 14.9934 2.640448
Bicycle 91.6594 328.9071 37.7335 17.1727 2.640448
Bicycle 85.1526 316.4714 35.9341 13.4192 2.779089
Bicycle 74.3313 301.8735 36.9635 15.7068 2.41016
Bicycle 60.8313 291.3735 31.2386 14.5997 2.41016
Bicycle 41.8313 266.3735 37.1923 19.9432 2.41016
Bicycle 22.8313 316.3735 30.8035 15.2363 2.176149
Bicycle 9.3313 285.8735 18.0 15.0 0.0
Bicycle 43.8313 162.3735 35.577 13.3893 0.977143
Bicycle 69.728 146.669 36.0655 13.5768 0.689001
Bicycle 105.8313 122.8735 34.1118 15.9494 0.946454
Bicycle 128.6 97.0172 30.9251 13.1982 2.535539
Bicycle 114.8746 82.7787 33.5839 21.9726 2.535539
Bicycle 90.3313 52.8735 33.5911 12.986 2.74493
Bicycle 77.8924 32.595 26.5546 11.6085 2.645077
