Car 316.6162 70.9552 24.4475 43.2655 0.068468
Car 284.881 313.1207 28.0806 51.1779 0.135669
Car 271.7677 377.5902 26.272 52.4689 0.135669
Bicycle 123.8313 89.3735 19.1372 8.8752 2.8023
Bicycle 129.8313 97.8735 23.0 9.0 2.786263
Bicycle 142.8313 107.8735 19.1214 12.8207 2.594399
Bicycle 149.3119 115.2761 19.0138 12.0634 2.594399
Bicycle 155.8313 133.8735 22.7527 14.843 2.674214
Bicycle 165.3313 144.8735 23.6621 10.8215 2.674214
Bicycle 171.9437 152.1766 25.4572 11.291 2.547508
Bicycle 181.2836 161.4983 23.4213 15.5195 2.547508
Bicycle 190.8918 176.8988 20.0848 14.7128 2.547508
Bicycle 195.8918 184.3988 24.5408 11.689 2.547508
Bicycle 110.8313 131.3735 21.975 10.4929 0.780217
Bicycle 93.7955 135.3531 20.7612 8.8137 0.964626
Bicycle 50.8313 151.3735 21.5092 11.4173 0.822729
Bicycle 47.0133 170.4856 21.1113 12.8219 2.667741
Bicycle 7.8441 196.9236 11.4975 10.7726 2.704965
Bicycle 22.3313 225.8735 20.0 9.0 2.745048
Bicycle 12.3782 207.0156 13.1939 10.0583 2.778453
Bicycle 57.0133 184.4856 19.3317 11.9093 2.667741
Bicycle 67.9906 195.4389 20.6423 13.0098 2.071217
Bicycle 81.7356 175.8118 22.7805 16.5502 2.686668
Bicycle 89.8313 187.3735 20.6608 10.1061 2.686668
Bicycle 101.249 191.7926 21.867 10.4752 2.527483
Bicycle 108.3132 201.0929 27.6821 12.8628 2.527483
Bicycle 115.4568 206.3277 20.2484 9.4207 2.791682
Bicycle 115.3313 214.3735 20.0 8.0 2.813669
