Person 204.3313 396.8735 12.0 17.0 0.0
Person 342.3313 91.3735 10.0 18.0 0.0
Person 325.3313 86.8735 8.0 17.0 0.0
Person 314.3223 97.159 10.0271 21.4764 3.046641
Person 238.8313 128.3735 11.0 14.0 0.0
Person 223.6237 123.3619 9.2913 14.621 2.965408
Person 217.8313 147.8735 9.0 13.0 0.0
Person 212.8313 128.8735 9.0 15.0 0.0
Person 206.3313 127.8735 8.0 17.0 0.0
Person 186.3313 135.8735 10.0 15.0 0.0
Car 37.3313 85.8735 16.58 21.4034 2.556444
Car 57.4968 80.5766 12.7652 19.966 2.556444
Car 67.4501 74.2516 12.4633 13.3484 2.556444
Car 92.5691 68.7356 9.9978 16.5507 2.519261
Car 103.8224 63.9259 17.2332 10.4544 0.669883
Car 119.242 59.3809 11.294 17.0093 2.34933
Car 128.9165 55.8097 10.8005 15.8084 2.49888
Car 137.8313 49.3735 13.0 10.0 0.0
Car 154.2431 46.7264 14.4118 9.6471 0.489957
Car 160.8313 40.3735 13.0 10.0 0.0
Car 180.0869 38.3956 13.428 9.7173 0.670122
Car 186.3313 34.3735 16.0 10.0 0.0
