Car 59.6444 135.9912 17.2321 22.7759 2.981217
Car 146.7905 132.3085 17.6631 24.1813 3.038534
Car 150.3313 111.3735 13.9939 18.6594 3.038534
Car 183.8313 111.3735 16.6359 23.8379 3.038534
Car 212.3313 105.8735 15.9498 20.751 3.038534
Car 216.1073 130.0963 15.1381 23.101 3.065478
Car 140.0271 201.8944 18.9985 31.201 0.012649
Car 188.0271 200.8944 18.9985 31.201 3.101102
Car 258.0271 199.8944 18.9985 31.201 3.101102
Car 262.6177 127.5323 16.6161 20.3716 3.04693
Car 303.0914 124.6304 18.3573 23.3258 3.04693
Car 307.5914 105.1304 17.4563 22.2358 3.04693
Car 339.5098 101.7628 17.3048 21.4982 3.125752
Car 370.5098 98.7628 15.2734 23.4662 3.046842
Car 24.7469 245.8898 18.187 35.5797 0.083156
Car 490.8313 90.3735 17.6908 26.4582 2.923338
Car 587.868 104.9028 20.6507 30.604 2.834899
Car 537.8313 186.8735 18.7819 31.5157 2.908666
Car 467.6336 190.1414 20.6088 30.3407 2.973462
OtherVehicle 68.4519 192.0657 32.2773 67.3459 3.119476
Bicycle 142.8313 52.8735 5.0 13.0 0.0
Bicycle 97.3313 43.3735 8.0 10.0 0.0
Bicycle 119.3313 60.3735 8.0 22.0 0.0
Bicycle 149.3313 57.3735 8.0 12.0 0.369334
Bicycle 242.8313 49.8735 9.0 11.0 0.0
Bicycle 254.3313 55.3735 8.0 10.0 0.0
Bicycle 261.8313 47.8735 9.0 11.0 0.0
Bicycle 286.8313 44.8735 9.0 17.0 0.0
Bicycle 305.8313 41.8735 9.0 21.0 0.0
Bicycle 313.8313 38.8735 7.0 11.0 0.0
Bicycle 330.8466 40.6854 13.2373 10.7066 2.542417
Bicycle 322.8313 50.8735 11.0 17.0 0.0
Bicycle 339.8313 51.3735 9.0 12.0 0.0
