Person 492.2802 94.5705 15.0895 12.1623 0.461097
Person 439.3843 87.0174 11.1798 22.0391 0.473738
Person 451.5061 145.5179 13.4993 19.8654 0.228635
Person 412.8313 117.8735 13.0 17.0 0.0
Person 329.6081 389.0651 9.4124 18.3512 2.694518
Person 318.5726 337.7325 10.5242 16.6881 0.059253
Person 279.3313 360.3735 12.0 14.0 0.0
Person 288.8313 351.3735 15.0 12.0 0.0
Person 274.8313 389.8735 19.0 15.0 0.0
Person 254.3313 355.8735 11.3861 16.351 2.839195
Person 246.8313 424.8735 15.0 13.0 0.0
Person 174.0366 374.4463 18.8544 10.4272 0.321751
