Bicycle 220.3313 13.8735 28.5971 14.6699 2.761086
Bicycle 233.8912 24.7731 26.3687 14.4404 2.761086
Bicycle 241.5786 63.27 32.2016 16.5051 2.517751
Bicycle 247.8707 75.4282 28.6658 13.3738 2.517751
Bicycle 255.9645 83.5008 33.0133 12.888 2.517751
Bicycle 264.7414 97.3015 33.5974 17.887 2.517751
Bicycle 275.889 107.896 34.7658 15.5813 2.517751
Bicycle 280.889 118.896 27.5593 15.8396 2.573556
Bicycle 292.172 141.5033 29.0689 18.2439 2.573556
Bicycle 299.4594 152.0232 30.8296 14.372 2.573556
Bicycle 212.0608 41.2454 12.5294 27.657 2.63244
Bicycle 181.0608 56.2454 12.5294 27.657 2.284802
Bicycle 158.1101 65.7729 11.1379 30.3787 2.636719
Bicycle 99.0741 92.784 9.5816 29.0105 2.409733
Bicycle 61.7739 109.2954 12.3897 24.8626 1.920397
Bicycle 32.7739 123.2954 12.3897 24.8626 2.432332
Bicycle 96.3246 127.9966 30.2381 15.9095 2.562098
Bicycle 146.8941 137.4974 29.8335 22.2108 2.562098
Bicycle 159.8968 157.0296 29.3166 15.2277 2.562098
Bicycle 171.4232 164.8765 32.496 15.2903 2.527623
Bicycle 179.702 175.9412 28.4637 12.9695 2.677745
Bicycle 183.202 185.4412 34.2776 12.5234 2.677745
Bicycle 191.8298 194.8735 29.9632 12.9646 2.677745
Bicycle 195.4761 207.0442 34.0806 12.2962 2.78783
Bicycle 112.894 151.7736 27.8543 14.4447 2.78783
Bicycle 127.314 171.2766 25.696 17.4577 2.277916
Bicycle 41.9259 181.7471 29.0411 12.7488 2.634256
Bicycle 48.2978 197.1027 30.9932 12.9976 2.766091
Bicycle 56.3715 210.0493 27.9994 12.8264 0.006348
Bicycle 56.7521 221.8601 23.2104 11.121 2.632244
Bicycle 65.9218 229.6465 30.4624 12.2243 2.743337
Bicycle 66.6997 252.2033 27.2852 14.3391 3.015384
Car 428.8313 384.3735 36.8224 80.2814 0.104556
Car 417.3313 488.6867 34.0 44.6265 0.0
