Person 349.8313 56.8735 11.0 19.0 0.0
Person 330.6976 65.1783 8.6202 15.7211 0.084204
Person 323.4076 78.7328 7.8986 16.5591 0.141344
Person 316.3313 71.8735 8.0 17.0 0.0
Person 227.8313 159.8735 9.0 15.0 0.0
Person 225.3313 135.8735 10.0 17.0 2.760409
Person 217.1479 140.143 13.252 16.4669 2.766168
Person 200.8313 144.3735 11.0 14.0 0.0
Person 190.8313 146.8735 9.0 17.0 0.0
Person 184.8313 151.8735 7.0 17.0 0.0
Person 178.3313 151.3735 10.0 18.0 0.0
Car 12.378 48.3661 13.519 20.6141 2.397727
Car 23.4262 38.1769 13.0357 23.3968 2.29002
Car 42.5569 31.3224 13.3714 27.5678 2.29002
Car 53.8482 23.8603 16.6589 30.8914 2.151702
Car 63.2831 11.4921 11.3971 19.4336 1.815311
Car 87.3313 7.0 34.0 14.0 0.0
Bicycle 395.4457 367.4745 10.3022 16.642 0.584081
