Car 248.8313 358.3735 25.0 34.0 0.0
Car 362.3313 323.3735 20.0 24.0 0.0
Car 401.8313 324.3735 19.0 26.0 0.0
Car 357.4204 354.604 24.0791 37.292 3.040135
Car 385.3313 355.8735 22.0 37.0 0.0
Car 438.8313 322.3735 21.0 30.0 0.0
Car 441.8089 357.6732 26.0176 38.7072 3.114388
Car 496.3313 355.3735 24.0 28.0 0.0
Car 550.061 355.798 22.1565 31.3636 2.940897
Car 554.3313 326.8735 21.5072 28.6782 3.02419
Car 596.3313 321.8735 20.0 27.0 0.0
Car 631.6657 323.8735 14.6687 33.0 0.0
Car 197.3313 504.6867 24.0 12.6265 0.0
Car 342.5126 461.0221 25.0796 44.9482 0.075078
Car 401.1058 465.2193 26.3607 47.2934 0.039946
Car 490.7177 465.9237 27.5801 46.6929 0.00754
OtherVehicle 253.3313 443.3735 40.0 92.0 0.0
Bicycle 356.8313 237.8735 7.0 13.0 0.0
Bicycle 365.3313 244.1927 9.3097 15.8264 0.531724
Bicycle 303.8313 222.3735 5.0 12.0 0.0
Bicycle 312.8313 223.3735 7.0 12.0 0.0
Bicycle 329.3313 240.3735 6.0 16.0 0.0
Bicycle 341.5003 253.7133 13.5916 13.5936 2.804918
Bicycle 337.3313 234.3735 8.0 12.0 0.0
Bicycle 478.9348 241.2254 12.6411 18.0022 2.855541
Bicycle 491.8313 251.8735 13.0 17.0 0.0
Bicycle 501.8313 238.3735 9.0 16.0 0.0
Bicycle 532.3313 240.8735 8.0 15.0 2.915806
Bicycle 515.8313 240.3735 7.0 16.0 2.841645
Bicycle 524.3313 240.8735 8.0 17.0 2.892511
Bicycle 556.5683 233.7826 13.7031 25.3409 2.956852
Bicycle 565.8313 231.3735 10.8079 17.441 2.87649
Bicycle 588.4401 233.1296 13.9801 13.8857 2.804918
Bicycle 598.028 249.6059 9.2501 14.496 3.04488
Bicycle 580.8313 242.8735 9.0 15.0 2.665523
Bicycle 579.8313 261.8735 7.0 15.0 0.135707
Bicycle 571.8313 251.3735 9.0 18.0 0.300477
Bicycle 604.8313 221.8735 7.0 15.0 0.0
Bicycle 594.8313 221.8735 13.0 13.0 0.0
