OtherVehicle 37.0603 24.3343 24.5007 42.2195 3.024195
Car 11.9538 22.4365 14.7404 30.1901 3.003526
Car 363.7011 122.519 26.0121 42.2333 0.153246
Car 339.8643 269.6796 26.5463 48.5403 0.032922
Bicycle 125.8313 293.3735 19.0 10.0 2.663599
Bicycle 132.2137 303.3387 24.1828 10.3541 2.94879
Bicycle 143.2316 319.0816 23.704 11.2488 2.644508
Bicycle 154.1492 325.4298 19.7113 11.9319 2.644508
Bicycle 159.6687 349.2007 27.3694 15.2416 2.644508
Bicycle 171.1821 362.8208 25.8872 11.4655 2.590621
Bicycle 179.2421 372.5431 27.9842 12.1019 2.590621
Bicycle 187.3313 380.8735 26.474 10.3984 2.590621
Bicycle 190.3313 389.3735 23.1994 11.9074 2.590621
Bicycle 199.3313 404.8735 27.131 13.1494 2.590621
Bicycle 205.7972 412.3451 26.6725 11.7184 2.660886
Bicycle 136.2621 336.8178 11.0906 20.3889 2.551139
Bicycle 110.2102 346.0257 13.0356 22.2495 2.116938
Bicycle 89.6459 352.5497 9.8068 21.5711 2.611259
Bicycle 40.3313 372.3735 12.5738 25.7274 2.236483
Bicycle 38.3313 396.3735 12.5738 25.7274 1.110289
Bicycle 49.3313 413.3735 12.5738 25.7274 1.174958
Bicycle 60.649 427.4492 13.3633 22.6066 0.711311
Bicycle 77.0901 403.035 28.109 15.1029 2.606638
Bicycle 87.0901 417.035 23.3296 10.9608 2.606638
Bicycle 98.7962 422.3202 25.2732 10.4509 2.606638
Bicycle 107.2962 434.8202 28.3639 11.1201 2.606638
Bicycle 112.2699 441.4754 27.1286 10.4172 2.916733
Bicycle 116.1546 449.4964 29.4164 11.7328 2.827553
