Car 339.3313 56.3735 37.2424 83.863 3.079887
Bicycle 55.0956 157.1473 32.4132 18.9204 2.601173
Bicycle 79.3313 184.3735 33.2707 22.2948 2.601173
Bicycle 95.8302 196.8497 32.2584 15.2609 2.503632
Bicycle 112.8302 246.8497 35.4716 17.6432 2.503632
Bicycle 121.8302 258.8497 26.2474 13.2942 2.503632
Bicycle 132.193 268.4428 36.7861 19.8592 2.503632
Bicycle 146.3313 285.8735 38.6836 14.9859 2.503632
Bicycle 160.3313 299.8735 37.077 13.7948 2.503632
Bicycle 166.6109 311.6576 29.9995 19.3764 2.503632
Bicycle 186.3313 340.8735 34.6948 17.008 2.503632
Bicycle 194.3822 351.1979 33.8083 15.2075 2.503632
Bicycle 74.7299 220.6327 15.2525 31.3353 2.550514
Bicycle 39.8873 244.9065 17.1561 35.2461 2.149992
Bicycle 16.203 260.5514 13.7341 34.1054 2.454156
Bicycle 19.2497 359.8619 17.0317 37.7384 0.764689
Bicycle 36.1848 381.4156 13.5519 32.5199 0.764689
Bicycle 50.3313 390.8735 18.4206 35.6887 0.764689
Bicycle 60.3558 403.4358 12.081 37.8631 1.16239
Bicycle 67.8313 414.3735 13.8785 39.8546 0.996469
Bicycle 78.6687 423.0735 11.2891 36.3385 1.073863
Bicycle 83.6687 438.5735 20.3029 38.2757 1.073863
