Person 457.3313 278.8735 10.0 15.0 0.0
Person 453.5729 295.798 10.514 24.6603 3.016146
Person 445.78 311.1628 11.016 17.8792 2.824768
Person 437.3313 314.8735 8.0 17.0 0.0
Person 333.3313 484.3735 14.0 14.0 0.0
Person 313.8313 486.8735 13.0 17.0 0.0
Person 313.0197 507.1867 11.3768 9.6265 0.0
Car 13.6657 272.3735 27.3313 38.0 0.0
Car 25.6657 249.3735 51.3313 42.0 0.0
Car 43.0871 229.2795 29.9679 58.8388 2.258431
Car 66.9782 206.8981 28.3293 59.2499 2.17429
Car 90.5767 186.842 28.6975 58.5276 2.181198
Car 112.5767 167.842 27.5511 60.1664 2.181198
Car 137.7522 150.6451 26.8104 56.9062 2.146104
Car 148.6284 126.716 28.4364 53.0181 2.100074
Car 172.8463 106.1483 26.8361 56.0168 2.204595
Car 185.9833 86.9331 27.9387 56.7417 2.103391
Car 206.9833 61.4331 27.0772 56.2339 2.103391
