Bicycle 376.2996 152.9911 29.5243 11.7933 2.628629
Bicycle 370.3777 141.2773 31.3797 13.0318 2.812537
Bicycle 357.9514 120.2199 26.8262 15.2265 2.700203
Bicycle 354.9514 108.7199 32.5788 12.4145 2.700203
Bicycle 344.8313 96.3735 34.6038 13.6959 2.65703
Bicycle 336.8313 81.3735 34.6038 13.6959 2.65703
Bicycle 328.8313 72.8735 24.3576 11.6923 2.65703
Bicycle 323.0242 61.1917 32.2297 19.6076 2.65703
Bicycle 315.3159 23.2053 26.4248 14.4584 2.718582
Bicycle 303.8637 12.1867 27.3898 14.3989 2.718582
Bicycle 293.3313 37.8735 10.9525 26.9266 2.669471
Bicycle 262.6385 52.7919 12.9185 28.6575 2.357354
Bicycle 238.9847 59.5076 12.927 30.2476 2.696365
Bicycle 180.2022 84.203 12.4437 28.3707 2.524836
Bicycle 140.2022 98.203 12.4437 28.3707 2.095324
Bicycle 114.0981 110.552 12.2349 26.6156 2.513903
Bicycle 177.4734 118.1415 27.8045 16.4783 2.65414
Bicycle 190.7269 144.6257 24.9342 16.8354 2.839283
Bicycle 222.8313 130.8735 31.6443 19.4072 2.510552
Bicycle 204.3313 165.8735 28.7459 16.3302 2.147953
Bicycle 236.3868 152.8708 28.2595 11.9866 2.510552
Bicycle 245.8868 159.3708 30.5266 17.3588 2.510552
Bicycle 254.54 171.5057 29.9619 12.4151 2.777763
Bicycle 259.5745 179.8151 35.0257 12.2219 2.742084
Bicycle 265.3313 190.3735 29.6027 13.5528 2.742084
Bicycle 268.6955 201.6307 32.6941 13.2455 2.798761
Bicycle 141.3884 239.3643 25.0794 12.2079 3.068024
Bicycle 142.3369 220.8555 30.5204 16.7054 2.75572
Bicycle 131.1932 211.117 23.3983 12.2178 2.75572
Bicycle 125.8004 198.5576 31.6295 13.0716 3.100234
Bicycle 124.0913 184.2053 30.3072 15.5148 2.846291
Bicycle 119.9072 169.1119 31.8494 12.5192 2.676376
Bicycle 105.8313 142.8735 27.2989 12.032 2.676376
Car 491.8313 393.3735 36.4461 83.9088 0.132969
Car 475.8313 493.1867 35.0 35.6265 0.0
