Bicycle 330.3313 290.3735 22.0 18.0 0.0
Bicycle 132.1113 146.6362 19.1803 12.1549 2.730366
Bicycle 137.7656 154.49 21.5305 12.1755 2.730366
Bicycle 151.5975 164.9662 17.8173 14.953 2.465114
Bicycle 159.1507 174.5435 21.7135 11.8673 2.465114
Bicycle 164.3654 194.1704 26.8423 14.3769 2.555405
Bicycle 174.7698 205.99 24.3835 12.311 2.555405
Bicycle 181.3313 213.8735 27.7576 12.4304 2.555405
Bicycle 188.3313 220.3735 25.5383 12.1571 2.555405
Bicycle 191.1974 227.654 20.5269 9.7037 2.555405
Bicycle 199.9136 240.4133 24.1849 11.8133 2.609881
Bicycle 205.4136 247.9133 25.5538 11.4584 2.609881
Bicycle 118.3313 191.3735 20.1535 10.6695 0.753151
Bicycle 101.1348 195.0402 24.1845 10.8205 1.037882
Bicycle 55.3481 213.167 21.8381 10.6796 0.897504
Bicycle 9.6657 260.3735 19.3313 12.0 0.0
Bicycle 4.1657 247.8863 8.3313 9.0256 0.0
Bicycle 13.1657 273.3735 23.345 12.18 2.660705
Bicycle 17.47 284.9736 22.3023 10.5645 2.978365
Bicycle 24.7993 292.9374 23.289 12.8272 2.978365
Bicycle 52.6175 232.9556 22.3289 12.1617 2.679846
Bicycle 62.6222 247.9295 21.4696 13.9097 2.679846
Bicycle 73.6396 258.0141 20.0587 11.464 2.41668
Bicycle 87.8678 239.1525 24.7075 16.3824 2.533791
Bicycle 98.6366 251.2264 21.3168 10.3149 2.533791
Bicycle 108.1784 255.6742 27.4224 11.1004 2.461955
Bicycle 113.1784 265.1742 25.2383 10.6212 2.461955
Bicycle 123.0103 270.1739 21.1631 11.2482 2.754873
Bicycle 124.8313 279.3735 25.0061 10.1831 2.754873
Car 353.6223 9.1867 22.5819 18.3735 0.0
Car 331.1788 125.7505 23.2302 42.9258 0.070752
Car 299.5037 384.1245 25.3751 53.4775 0.140161
Car 286.0037 453.6245 26.505 54.328 0.140161
