Car 375.2822 337.6827 39.8357 88.6209 0.01952
Car 370.8313 474.3735 35.0 74.0 0.0
Person 276.8313 319.8735 13.0 21.0 0.0
Bicycle 213.9389 73.78 34.8129 12.82 2.658646
Bicycle 207.4247 63.4278 33.3006 16.5352 2.658646
Bicycle 190.0772 36.5993 28.7666 19.1232 2.599745
Bicycle 184.5772 23.5993 35.4626 13.8163 2.599745
Bicycle 172.048 11.6867 29.4333 23.3735 0.0
Bicycle 152.3313 5.1867 14.0 10.3735 0.0
Bicycle 26.8313 113.3735 17.4102 29.9647 0.279455
Bicycle 10.6657 90.8735 21.3313 19.0 0.0
Bicycle 42.8313 71.8735 37.8942 21.4948 2.46424
Bicycle 61.1444 93.3711 31.4911 12.5012 2.46424
Bicycle 73.1341 101.2827 35.168 19.417 2.338513
Bicycle 85.2351 114.2271 34.2759 13.117 2.731038
Bicycle 90.3099 124.6362 39.1758 13.3964 2.555061
Bicycle 100.8356 134.5919 36.0674 11.6963 2.754824
Bicycle 104.6297 148.1758 35.5891 17.0813 2.754824
