Bicycle 514.7926 485.7056 12.0088 21.4577 0.519533
Car 28.0349 11.1867 28.5928 22.3735 0.0
Person 241.8313 173.8735 13.0 21.0 0.0
Person 239.3313 157.8735 12.0 17.0 0.0
Person 290.8368 187.0331 7.4859 15.6201 2.542644
Person 255.9842 144.95 9.6789 17.3975 2.654693
Person 261.9204 135.1074 9.0 17.5777 0.120499
Person 288.8313 165.3735 7.0 18.0 0.0
Person 295.8289 148.7394 15.0808 19.8762 0.279817
Person 378.8313 44.8735 9.0 19.0 0.0
Person 407.8313 38.8735 11.0 15.0 0.0
Person 406.8313 24.8735 7.0 13.0 0.427373
Person 459.3113 39.7555 11.2775 20.6682 2.891614
