Car 572.3141 263.1192 36.6178 67.6553 2.540869
Car 501.3141 293.1192 36.6178 67.6553 2.540869
Car 443.8313 303.8735 29.822 63.5661 2.633021
Car 400.3313 339.3735 33.7023 66.8742 2.633021
Car 126.178 457.1612 33.494 70.913 2.696417
Car 84.5632 470.686 30.5843 64.8673 2.696417
Person 199.3313 394.8735 12.0 17.0 0.0
Person 216.8313 395.3735 9.0 20.0 0.0
Person 224.6723 378.5135 11.3166 20.6124 2.725528
Bicycle 69.8313 386.8735 16.4283 30.2673 0.622858
Bicycle 114.8313 364.3735 35.0 14.0 3.105734
Bicycle 113.8995 379.1114 33.2219 15.8922 2.929683
