Bicycle 591.6979 501.6867 14.7332 20.6265 0.0
Person 247.3313 167.3735 12.0 18.0 2.896614
Person 206.4694 174.3897 11.7794 19.9999 3.138825
Person 189.8313 161.3735 10.9557 16.0304 3.138825
Person 186.3313 171.3735 11.9501 18.0331 3.138825
Person 155.7305 313.7222 8.6641 20.567 3.01447
Person 135.3313 322.8735 8.0 11.0 0.0
Person 141.8313 315.3735 9.0 10.0 0.0
Person 142.8313 325.3735 9.0 12.0 0.0
Person 150.3313 328.8735 8.0 13.0 0.0
Person 155.3313 332.8735 8.0 13.0 0.0
Person 138.8313 339.8735 9.0 17.0 0.040794
Person 146.9071 352.5459 10.9681 17.6618 0.110478
Person 177.3313 353.8735 10.0 19.0 0.0
Person 197.8313 360.3735 11.0 18.0 0.0
Person 174.8313 382.3735 9.0 18.0 0.0
Person 129.2417 383.2477 12.1131 17.5613 0.100922
