Car 185.8313 499.1867 33.0 23.6265 0.0
Car 269.8525 487.8286 22.3259 41.2679 2.666099
Car 400.8313 417.8735 27.4543 44.7243 2.591983
Car 79.3313 372.3735 25.9225 45.2551 2.657711
Car 145.4318 358.3882 25.5593 40.9112 2.799608
Car 217.5808 376.3536 24.445 33.8898 2.751271
Car 266.7304 364.4759 25.6579 36.7887 2.848167
Car 224.2304 341.4759 20.6925 29.0205 2.848167
Car 250.8119 330.5523 29.867 31.2772 2.654068
Car 287.7032 320.7731 23.8668 24.116 2.750617
Car 357.2032 308.2731 25.0597 34.3423 2.750617
Car 386.2032 298.7731 20.9804 33.7425 2.750617
Bicycle 9.3313 311.3735 8.0 16.0 0.0
Bicycle 5.8313 299.3735 9.0 16.0 0.0
Bicycle 5.1766 282.5064 7.7057 13.5867 2.936658
Bicycle 23.2954 292.4279 9.2151 20.2418 2.891932
Bicycle 16.3313 303.3735 10.0 18.0 0.0
Bicycle 42.2492 289.4347 21.6158 12.8486 1.028241
Bicycle 55.3133 289.4556 24.554 13.1042 0.851434
Bicycle 164.3702 270.3822 12.4718 21.9631 0.197396
Bicycle 176.3443 263.9168 14.452 28.4478 2.849742
Bicycle 192.7243 252.1847 13.3034 23.8458 2.634203
Bicycle 197.7496 231.9596 11.7924 21.1034 2.973152
Bicycle 211.8313 225.3735 10.469 15.9813 2.973152
Bicycle 218.3313 239.8735 10.0 15.0 2.735174
Bicycle 221.3313 222.8735 10.0 15.0 2.784284
Bicycle 235.8313 232.8735 9.0 15.0 0.0
Bicycle 239.7449 251.3607 9.4951 17.8568 2.793135
Bicycle 248.4603 252.0942 7.9451 18.3758 2.793135
Bicycle 257.6359 254.0017 10.7605 13.6309 2.74196
Bicycle 245.3313 267.3735 9.5309 20.2278 2.474769
