Person 288.3313 189.8735 12.0 15.0 0.0
Person 250.3313 236.8735 10.0 17.0 0.0
Person 220.3313 240.8735 14.0 23.0 0.0
Person 186.3313 428.8735 10.0 15.0 0.0
Person 194.3313 430.8735 10.0 17.0 0.0
Person 214.3313 447.3735 8.0 18.0 0.0
Person 237.8313 446.8735 11.0 17.0 0.0
Person 190.8313 450.8735 11.0 17.0 0.0
Person 181.3313 461.8735 16.0 21.0 0.0
Person 174.8313 500.3735 9.0 12.0 0.0
Person 189.8313 489.8735 9.0 15.0 0.0
Person 199.3313 492.8735 8.0 11.0 0.0
Person 207.3313 497.8735 8.0 13.0 0.0
Person 213.3313 503.3735 10.0 12.0 0.0
