Bicycle 415.6435 68.6563 36.7021 21.2927 2.928733
Bicycle 293.693 94.5777 36.6204 17.8856 3.071443
Bicycle 234.832 112.0319 30.3935 12.9183 2.699809
Bicycle 137.585 125.2796 15.3613 32.151 2.748404
Bicycle 166.272 85.0358 12.6886 36.6532 2.736088
Bicycle 152.7938 87.901 12.2249 34.2344 2.932169
Bicycle 137.7938 83.901 12.2249 34.2344 2.776389
Bicycle 140.6653 56.4817 12.6108 31.4105 2.91547
Bicycle 156.9256 36.9403 14.7612 31.7125 2.625488
Bicycle 13.1657 114.7397 18.0013 31.7449 2.851429
Bicycle 11.2611 77.8805 13.9127 28.9201 2.911555
Bicycle 21.617 81.2378 10.2035 23.3422 2.903124
Bicycle 49.3313 64.3735 11.9317 40.2695 2.853537
Bicycle 103.2462 30.8987 13.0326 30.504 2.853537
Bicycle 126.3313 22.3735 12.0 28.0 0.0
Bicycle 140.2766 17.2236 10.1966 32.659 0.180388
Bicycle 70.8313 6.8735 9.0 13.0 0.0
Bicycle 100.3464 6.6867 10.0301 13.3735 0.0
Car 367.8313 287.8735 35.2911 76.2924 3.009952
Car 307.254 296.2021 38.6387 80.813 2.96505
Car 174.8313 316.8735 34.0664 77.624 3.027404
Car 110.4437 330.7965 38.0846 83.4197 2.881952
Car 43.3313 341.3735 32.2858 81.0039 2.881952
Car 108.8693 437.6066 42.5604 89.0627 2.909401
Car 21.6657 462.3735 43.3313 76.0 0.0
