Person 196.1553 113.6232 13.0434 17.9695 0.345002
Person 190.7937 103.1139 11.0413 17.3408 3.02369
Person 156.3313 122.8735 10.0 19.0 0.0
Person 168.8313 120.3735 11.0 18.0 2.977784
Person 150.362 264.0115 9.5169 16.2976 2.839195
Person 130.8313 268.3735 9.0 12.0 0.0
Person 136.8313 267.8735 11.0 17.0 0.0
Person 144.8313 274.3735 7.0 10.0 0.0
Person 149.8313 276.8735 9.0 11.0 0.0
Person 130.9129 294.9313 13.1791 18.8813 3.123577
Person 147.3313 296.8735 8.0 15.0 0.0
Person 192.3313 310.3735 10.0 18.0 0.0
Person 162.6403 309.6976 9.2277 21.3058 3.075339
Person 129.3313 323.8735 12.0 17.0 0.0
Person 168.2847 331.3388 9.8684 18.0554 0.012499
Bicycle 579.3474 445.979 13.3539 22.7133 2.919337
