Car 562.4765 310.5609 76.8326 29.9088 0.663464
Car 533.2864 349.1924 76.3767 29.8997 0.723812
Car 501.4096 376.2072 83.6876 32.9402 0.745055
Car 465.9648 409.8334 87.6503 33.3923 0.693359
Car 408.8299 474.3332 79.7359 29.7466 0.728942
Car 373.359 492.3421 62.718 39.3158 0.0
Car 172.288 454.1198 78.614 34.6672 2.549258
Car 248.0 313.1842 75.7583 34.4338 2.404817
Car 154.2371 187.2264 81.223 33.2029 2.317193
Car 404.7162 157.285 76.4663 37.2444 0.799869
Car 491.7506 178.3289 77.0871 31.7354 2.373779
