Person 223.5 324.0 7.0 14.0 0.0
Person 247.5 322.0 7.0 14.0 0.0
Person 339.5 339.0 9.0 16.0 0.0
Person 345.5 326.5 7.0 13.0 0.0
Person 354.5 330.5 7.0 13.0 0.0
Person 373.0 328.0 6.0 14.0 0.0
Person 378.5 331.5 7.0 13.0 0.0
Person 385.0 334.0 6.0 12.0 0.0
Person 568.5 417.5 7.0 15.0 0.0
Person 427.0 229.5 8.0 15.0 0.0
Person 431.5 218.5 7.0 13.0 0.0
Person 401.5 202.5 5.0 13.0 0.0
Person 371.0 209.5 6.0 15.0 0.0
Person 315.5 163.0 7.0 14.0 0.0
Person 324.0 156.0 6.0 14.0 0.0
Person 342.5 158.0 7.0 14.0 0.0
Person 349.0 149.0 6.0 12.0 0.0
Person 356.5 151.0 9.0 14.0 0.0
Person 375.0 151.0 8.0 14.0 0.0
Person 350.5 163.5 7.0 11.0 0.0
Person 349.0 168.5 6.0 11.0 0.0
Person 365.5 162.0 7.0 12.0 0.0
Person 358.5 169.5 7.0 13.0 0.0
Person 387.0 168.0 8.0 14.0 0.0
