Person 86.0 41.9583 8.0 12.0 0.0
Person 85.5 52.9583 9.0 14.0 0.0
Person 96.5 48.9583 7.0 12.0 0.0
Person 137.0 53.9583 10.0 16.0 0.0
Person 101.5 146.4583 7.0 15.0 0.0
Person 120.0 154.9583 6.0 14.0 0.0
Person 127.0 154.9583 6.0 12.0 0.0
Person 133.5 154.9583 5.0 12.0 0.0
Person 140.0 157.4583 6.0 11.0 0.0
Person 145.0 160.9583 6.0 12.0 0.0
Person 134.0 165.9583 6.0 12.0 0.0
Person 115.0 184.4583 8.0 17.0 0.0
Person 179.5 180.4583 9.0 21.0 0.0
Person 131.0 196.9583 10.0 18.0 0.0
Person 123.5 205.9583 7.0 14.0 0.0
Person 128.5 224.4583 9.0 13.0 0.0
