Car 115.2121 378.403 68.1562 31.4915 0.075799
Car 311.8985 245.8983 65.7238 30.4871 0.047474
Car 331.5 162.6842 65.2624 27.5286 0.133987
Car 389.2136 252.7579 64.375 28.0809 0.027691
Car 557.0 178.1842 66.0 27.0 0.061907
Car 554.0 295.1842 52.0 27.0 0.0
Car 551.8305 350.2033 63.3818 29.0837 0.094952
Car 621.0 245.274 38.0 31.1795 0.0
Car 621.5 289.6842 37.0 32.0 0.0
Car 618.5 371.1842 43.0 27.0 0.0
Car 619.5 419.4633 41.0 29.5581 0.0
Car 616.0 466.6276 48.0 29.8868 0.0
Car 613.119 503.8421 48.238 16.3158 0.0
