Car 9.4637 131.5805 8.9258 19.4307 0.574808
Car 80.4637 144.5805 8.9258 19.4307 0.574808
Car 69.0225 140.7927 8.952 12.7581 0.608958
Car 58.0 138.0 8.0 12.0 0.588003
Car 44.0 138.0 10.0 20.0 0.563316
Car 31.0 136.5 10.0 17.0 0.531724
Car 21.049 131.2122 8.2707 12.0025 0.610575
Person 340.5 135.5 5.0 11.0 0.0
Person 344.5 128.0 5.0 12.0 0.0
Person 351.5 120.5 5.0 9.0 0.0
Person 358.5 133.5 7.0 13.0 0.0
Person 378.0 129.0 6.0 12.0 0.0
Person 382.0 136.0 6.0 12.0 0.0
Person 393.0 127.5 6.0 13.0 0.0
Person 398.5 134.0 5.0 12.0 0.0
Person 412.0 324.0 6.0 14.0 0.0
Person 403.0 332.5 6.0 11.0 0.0
Person 394.5 325.0 7.0 12.0 0.0
Person 388.0 328.5 6.0 13.0 0.0
Person 380.0 330.0 8.0 16.0 0.0
Person 277.5 381.0 9.0 14.0 0.0
Person 155.5 363.5 7.0 15.0 0.0
Person 151.5 376.0 7.0 14.0 0.0
Person 179.5 380.5 9.0 15.0 0.0
