Person 175.5 149.5 7.0 13.0 0.0
Person 209.5 157.5 7.0 17.0 0.0
Person 174.5 162.5 7.0 13.0 0.0
Person 324.0 195.0 8.0 14.0 0.0
Person 421.5 107.5 7.0 15.0 0.0
Person 429.0 103.5 6.0 13.0 0.0
Person 448.0 101.5 8.0 13.0 0.0
Person 459.0 98.0 8.0 12.0 0.0
Person 425.0 115.5 6.0 11.0 0.0
Person 430.5 114.0 5.0 12.0 0.0
Person 244.5 325.5 7.0 13.0 0.0
Person 251.5 342.0 7.0 12.0 0.0
Person 268.5 363.0 7.0 14.0 0.0
Person 277.5 351.0 5.0 8.0 0.0
Person 280.5 356.0 7.0 10.0 0.0
Person 288.5 345.5 7.0 13.0 0.0
Person 297.0 350.0 8.0 18.0 0.0
