Car 135.0 190.5 46.0 19.0 0.071948
Car 274.5 298.0 45.0 20.0 0.0
Car 269.5914 343.2466 50.9303 18.4875 0.100557
Car 414.5 225.0 47.0 18.0 0.0
Car 404.0 270.0 52.0 18.0 0.0
Car 461.5 272.5 47.0 19.0 0.0
Car 384.0 474.0 52.0 18.0 0.0
Car 579.0 229.5 46.0 17.0 0.0
Car 540.3048 276.7901 34.1383 18.0113 2.405287
Car 585.5 291.0 39.0 18.0 0.0
Car 588.5 321.5 47.0 19.0 0.0
Car 629.5 265.0 19.0 18.0 0.0
Car 631.0 331.2 18.0 14.4 0.0
Car 634.0 358.25 12.0 16.5 0.0
Car 633.5 383.3667 13.0 14.7333 0.0
Car 634.0 404.2857 12.0 14.5714 0.0
Car 320.0 125.1842 58.0 31.0 0.0
