Car 68.5 73.6842 65.0 30.0 0.0
Car 64.5 155.6842 67.0 30.0 3.022747
Car 140.8488 149.331 63.8179 27.4675 2.95714
Car 289.3461 51.3032 60.9793 25.3262 3.036062
Car 305.6012 160.1063 51.5171 26.7528 2.998919
Car 314.2129 214.2214 60.6127 31.4495 3.036623
Car 371.1444 101.5509 54.3694 23.6312 3.080483
Car 382.8391 218.9947 48.0364 24.5019 3.037521
Car 395.5 265.6842 49.0 24.0 0.0
Car 399.8174 306.6775 57.7859 23.6891 3.011844
Car 403.0 349.6842 52.0 26.0 3.040489
Car 496.5677 118.8169 62.4019 31.9431 2.815183
