Person 380.5 293.3421 9.0 19.3158 0.0
Person 363.0 299.5 8.0 15.0 0.0
Person 362.5 311.5 7.0 15.0 0.0
Person 354.5 300.5 9.0 17.0 0.0
Car 10.5 102.9773 21.0 18.0 0.0
Car 9.0 66.9773 18.0 20.0 0.0
Car 113.0 29.4773 46.0 19.0 0.0
Car 166.0 29.4773 46.0 21.0 0.0
Car 283.5 58.9773 41.0 20.0 0.0
Car 277.5 33.9773 35.0 18.0 0.0
Car 114.0 200.9773 48.0 18.0 0.0
Car 276.5 8.9773 35.0 16.0 0.0
Car 341.0 121.4773 36.0 19.0 0.0
Car 336.5 100.9773 39.0 18.0 0.0
Car 332.5 82.4773 35.0 19.0 0.0
Car 328.5 63.4773 29.0 17.0 0.0
