Car 7.0 59.0 14.0 16.0 0.0
Car 10.0 98.0 18.0 16.0 0.0
Car 111.5 24.0 47.0 20.0 0.0
Car 164.0 21.0 44.0 18.0 3.09883
Car 114.157 194.6611 48.2869 17.2569 3.048182
Car 275.1875 7.0 32.375 14.0 0.0
Car 278.0 27.0 34.0 16.0 0.0
Car 283.5236 52.4215 41.2996 18.849 3.034459
Car 330.0 55.0 30.0 16.0 2.986372
Car 337.0 76.5 34.0 15.0 0.0
Car 338.1205 96.6238 36.2169 15.1557 3.022687
Car 343.5 115.5 39.0 19.0 0.0
Person 357.5 313.5 9.0 19.0 0.0
Person 340.0 317.0 8.0 16.0 0.0
Person 331.0 315.5 8.0 17.0 0.0
Person 339.0 328.5 8.0 17.0 0.0
