Person 267.8313 166.8735 17.0 15.0 0.0
Person 192.8313 169.8735 15.0 17.0 0.0
Person 256.8313 201.3735 15.0 20.0 0.0
Person 213.4323 214.4977 11.8021 23.751 2.97045
Person 344.3313 210.3735 14.0 18.0 0.0
Person 343.0372 236.8023 9.9499 30.0022 0.492283
Person 374.3167 297.6156 23.0921 16.2023 0.518431
Person 271.3313 276.8735 16.0 15.0 0.0
Person 258.3794 300.0242 14.5374 19.9039 0.343001
Person 414.3313 347.3735 18.0 18.0 0.0
Person 321.3313 364.8735 18.0 15.0 0.0
Person 223.8313 400.3735 12.7924 20.3311 2.538336
Person 402.3313 459.3735 12.0 20.0 0.0
Person 622.8133 24.4984 15.6867 27.6239 0.483836
Person 632.3313 43.3735 14.0 16.0 0.0
