Person 49.5 237.0 11.0 22.0 0.0
Person 17.5 262.0 9.0 22.0 0.0
Person 50.0 273.5 10.0 19.0 0.0
Person 494.0 489.0 10.0 22.0 0.0
Person 602.0 399.0 10.0 22.0 0.0
Person 574.0 344.0 10.0 20.0 0.0
Person 496.5 266.5 9.0 21.0 0.0
Person 519.5 222.0 9.0 16.0 0.0
Person 579.5 223.0 9.0 18.0 0.0
DontCare 555.5 284.0 23.0 34.0 0.0
Person 433.0 264.0 12.0 22.0 0.0
Person 517.0 159.5 10.0 19.0 0.0
Person 440.0 158.5 10.0 19.0 0.0
Person 424.0 110.5 8.0 17.0 0.0
Person 404.5 114.0 9.0 16.0 0.0
Person 294.0 114.5 10.0 19.0 0.0
Person 477.5 33.0 9.0 18.0 0.0
Person 232.5 136.0 9.0 18.0 0.0
Person 217.0 123.5 10.0 19.0 0.0
DontCare 597.5 62.1842 49.0 45.0 0.0
