Person 145.5 60.5 7.0 21.0 0.0
Person 64.5 135.0 9.0 20.0 0.0
Person 114.0 153.5 10.0 17.0 0.0
Person 164.0 164.5 8.0 19.0 0.0
Person 300.0 174.5 8.0 19.0 0.0
Person 255.5 214.5 7.0 15.0 0.0
Person 254.0 227.0 6.0 18.0 0.0
Person 249.0 228.0 6.0 18.0 0.0
Person 242.5 228.0 7.0 18.0 0.0
Person 430.5 466.5 9.0 23.0 0.0
Person 500.5 396.5 9.0 21.0 0.0
Person 394.5 392.0 11.0 24.0 0.0
Person 634.5 333.0 11.0 24.0 0.0
Person 409.0 294.5 10.0 21.0 0.0
DontCare 332.5 55.5 47.0 39.0 0.0
Person 403.0 32.0 8.0 16.0 0.0
Person 414.5 19.0 7.0 18.0 0.0
Person 444.0 20.5 10.0 19.0 0.0
Person 458.5 28.5 7.0 17.0 0.0
DontCare 512.5 89.5 55.0 41.0 0.0
DontCare 563.0909 10.0 58.1818 20.0 0.0
