Person 371.8313 174.8735 19.0 17.0 0.0
Person 296.8313 199.8735 17.0 25.0 0.0
Person 330.8313 225.3735 17.0 18.0 0.0
Person 360.3313 239.8735 14.0 15.0 0.0
Person 306.8313 240.8735 19.0 15.0 0.0
Person 377.8313 248.8735 17.0 17.0 0.0
Person 316.989 269.2158 8.5018 18.2928 0.258889
Person 267.9873 277.0714 13.2642 21.7419 0.266908
Person 397.3313 307.3735 20.0 16.0 0.0
Person 434.8313 359.3735 17.0 18.0 0.0
Person 341.3313 369.3735 18.0 16.0 0.0
Person 310.3313 369.3735 18.0 14.0 0.0
Person 631.6657 80.0969 16.6687 19.4468 0.0
Person 632.1657 109.6919 15.6687 26.6367 0.0
