Person 70.0 72.5 10.0 17.0 0.0
Person 81.5 74.0 7.0 16.0 0.0
Person 70.5 98.5 9.0 17.0 0.0
Person 135.5 98.0 9.0 18.0 0.0
Person 274.5 52.5 7.0 17.0 0.0
Person 277.0 166.0 8.0 18.0 0.0
Person 263.0 181.5 8.0 19.0 0.0
Person 221.0 171.0 8.0 18.0 0.0
Person 229.0 492.0 10.0 24.0 0.0
Person 626.8947 504.0 11.7895 16.0 0.0
Person 575.0 341.5 12.0 21.0 0.0
Person 505.0 263.0 10.0 20.0 0.0
Person 450.0 268.5 8.0 19.0 0.0
Person 440.5 272.0 11.0 20.0 0.0
Person 441.0 177.5 8.0 19.0 0.0
Person 387.0 207.0 8.0 16.0 0.0
Person 356.0 213.0 8.0 20.0 0.0
Person 368.0 241.5 8.0 19.0 0.0
Person 552.0 16.5 8.0 19.0 0.0
Person 570.5 21.5 7.0 17.0 0.0
Person 565.5 15.5 7.0 17.0 0.0
DontCare 471.5 54.6842 45.0 38.0 0.0
Person 582.0 22.9655 8.0 20.0 0.0
Person 601.0 28.4655 10.0 21.0 0.0
