Person 300.8313 198.3735 19.0 20.0 0.0
Person 337.8313 231.3735 19.0 24.0 0.0
Person 427.3313 257.8735 14.0 21.0 0.0
Person 40.3313 337.8735 16.0 21.0 0.0
Person 432.8313 287.3735 15.0 18.0 0.0
Person 450.8313 291.3735 13.0 20.0 0.0
Person 379.8313 310.3735 17.0 20.0 0.0
Person 324.0761 346.1252 19.2287 35.6196 0.180794
Person 485.8313 354.8735 21.0 19.0 0.0
Person 396.3313 398.8735 14.0 15.0 0.0
Person 420.3313 406.3735 16.0 18.0 0.0
Person 404.7229 436.6283 12.8956 22.1343 0.866302
Person 509.8313 424.3735 27.0 22.0 0.0
Person 7.8313 364.8735 15.0 25.0 0.0
Person 32.8313 377.8735 15.0 15.0 0.0
Person 26.8313 395.8735 17.0 17.0 0.0
Person 58.8313 460.8735 17.0 13.0 0.0
Person 40.8313 473.3735 17.0 16.0 0.0
Person 33.8313 488.8735 13.0 11.0 0.0
Person 7.3313 463.3735 14.0 14.0 0.0
Person 46.8313 491.8735 13.0 11.0 0.0
Person 85.3313 494.3735 26.0 16.0 0.0
Person 613.3313 223.3735 22.0 26.0 0.0
