Person 98.3313 217.3735 22.0 24.0 0.0
Person 212.3313 214.3735 22.0 20.0 0.0
Person 142.3313 242.8735 16.0 23.0 0.0
Person 199.8313 264.3735 23.0 24.0 0.0
Person 129.5526 265.6796 12.3472 31.1169 2.836872
Person 236.3313 286.3735 20.0 14.0 0.0
Person 197.3313 316.8735 16.0 13.0 0.0
Person 184.1285 307.893 13.9893 24.009 0.760193
Person 122.381 360.0834 11.2442 15.4045 2.55359
Person 135.3313 376.3735 18.0 14.0 0.0
Person 186.3527 396.04 12.0273 16.9305 2.622447
Person 90.0351 413.6565 26.4333 13.592 0.330476
Person 203.3313 441.3735 16.0 16.0 0.0
Person 126.489 407.3352 17.4091 24.1795 2.846727
Person 154.8313 412.8735 19.0 21.0 0.0
Person 160.8313 443.8735 21.0 11.0 2.502477
Person 135.8313 480.3735 23.0 16.0 0.0
Person 65.8313 471.8735 23.0 21.0 0.0
Person 119.676 504.6867 18.6894 14.6265 0.0
Person 572.3313 250.8735 20.0 13.0 0.0
Person 558.3313 305.3735 20.0 18.0 0.0
Person 565.7276 348.7221 18.7396 25.808 0.369334
Person 540.5014 395.585 11.9008 20.3558 0.869055
Person 504.3313 369.8735 26.0 17.0 0.0
Person 471.3313 413.8735 18.0 25.0 0.0
Person 602.8313 395.8735 21.0 19.0 0.0
Person 634.1657 360.267 11.6687 15.787 0.0
Person 617.8313 480.8735 19.0 23.0 0.0
Person 516.3313 480.3735 16.0 16.0 0.0
Person 535.8313 497.8735 15.0 17.0 0.0
Person 609.9578 507.6867 17.253 8.6265 0.0
