Person 354.0806 9.1867 17.4986 18.3735 0.0
Person 448.3313 33.3735 14.0 24.0 0.0
Person 428.8313 48.8735 21.0 15.0 0.0
Person 446.3313 67.3735 20.0 16.0 0.0
Person 216.3313 236.3735 18.0 14.0 0.0
Person 149.8313 225.8735 21.0 19.0 0.0
Person 116.3313 237.3735 22.0 16.0 0.0
Person 93.8313 246.3735 17.0 14.0 0.0
Person 108.7806 285.7248 14.6868 16.6371 2.828114
Person 44.8313 284.3735 17.0 18.0 0.0
Person 21.8313 285.8735 19.0 17.0 0.0
Person 201.8099 268.4683 24.5272 15.9509 2.609471
Person 81.3313 329.3735 12.0 18.0 0.0
Person 42.9548 326.1533 14.2554 23.2725 2.177563
Person 249.8313 329.8735 21.0 21.0 0.0
Person 176.8313 336.8735 17.0 17.0 0.0
Person 151.3313 357.8735 18.0 21.0 0.0
Person 570.3313 67.8735 18.0 21.0 0.0
Person 566.8313 99.8735 13.0 19.0 0.224779
Person 607.8313 127.3735 15.0 18.0 0.0
Person 564.4168 135.8909 13.5745 21.1319 0.361494
Person 291.8313 494.3735 19.0 18.0 0.0
