Car 37.1657 329.6709 74.3313 64.5948 0.0
Car 115.8313 187.3735 46.3008 99.7659 0.26721
Car 168.6947 197.9665 41.4269 99.0807 0.32291
Car 220.415 214.4049 41.2112 99.3813 0.367522
Car 272.8313 228.8735 46.8942 110.8284 0.338093
Car 328.8082 241.2874 42.0194 99.0058 0.270579
Car 375.8082 255.2874 42.0194 99.0058 0.212618
Car 430.8313 269.8735 48.1412 100.8584 0.314752
Car 485.0683 274.564 43.3796 97.6799 0.358473
Car 574.8313 301.3735 42.0891 95.7993 0.256305
Car 619.6657 311.8735 38.6687 103.0 0.0
