Person 198.3313 271.8735 16.0 19.0 0.0
Person 236.8313 271.3735 12.1586 15.9112 0.60254
Person 253.8313 266.8735 15.0 17.0 0.0
Person 276.3313 265.3735 12.0 14.0 0.0
Person 242.3313 299.8735 14.0 19.0 0.0
Person 202.3313 369.8735 16.0 21.0 0.0
Person 204.6857 425.3255 15.6515 22.6246 2.858497
Person 344.7902 301.5764 21.0764 17.6383 0.261326
Person 274.3313 373.8735 14.0 15.0 0.0
Person 300.3313 374.8735 14.0 17.0 0.0
Person 393.407 349.1766 12.9835 22.1915 0.658512
Person 613.3392 267.6367 14.5677 26.8261 0.496969
Person 414.6046 505.1867 16.5465 13.6265 0.0
Person 570.8522 44.7481 11.2765 26.4658 0.366565
Person 586.8313 48.3735 15.0 24.0 0.0
