Bicycle 252.9248 248.4506 10.7661 28.4644 0.408489
Car 45.7378 326.4144 50.8636 31.7838 2.276838
Car 235.821 97.1268 27.6573 42.5426 0.477345
Car 303.8593 469.8757 67.6823 28.6508 0.523144
Car 330.3903 420.9807 59.7016 27.7308 0.446347
Car 354.3313 399.3735 65.885 25.6743 0.513479
Car 379.1371 358.1918 64.3856 23.8066 0.513479
Car 393.1371 336.1918 64.3856 23.8066 0.513479
Car 410.1371 318.6918 62.912 21.1934 0.490278
Car 421.1371 300.6918 62.912 21.1934 0.412068
Car 437.3834 284.9137 65.2906 24.9792 0.450584
Car 454.3834 266.9137 65.2906 24.9792 0.450584
Car 493.7704 237.1305 64.4634 29.5041 0.450584
Car 512.2154 218.546 66.5558 23.6945 0.450584
Car 525.3748 201.8812 62.663 24.1007 0.450584
Car 619.3313 233.8735 40.0 35.0 0.0
Car 623.6657 20.9884 32.6687 29.2299 0.0
