DontCare 523.5 16.0 43.0 30.0 0.0
DontCare 427.5 53.5 53.0 41.0 0.0
Person 599.0 77.5 12.0 21.0 0.0
Person 635.5 79.5 9.0 25.0 0.0
Person 468.0 266.5 12.0 21.0 0.0
DontCare 392.5 261.5 21.0 21.0 0.0
Person 398.0 176.5 10.0 23.0 0.0
Person 346.5 208.0 9.0 18.0 0.0
Person 547.0 348.0 12.0 22.0 0.0
Person 566.5 484.0 13.0 24.0 0.0
Person 199.0 486.5 10.0 23.0 0.0
Person 306.5 202.0 7.0 20.0 0.0
Person 303.5 225.0 11.0 18.0 0.0
Person 221.0 160.0 10.0 18.0 0.0
Person 191.5 160.0 11.0 18.0 0.0
Person 152.5 157.5 9.0 19.0 0.0
Person 232.0 55.9773 10.0 22.0 0.0
Person 57.0 93.4773 10.0 19.0 0.0
Person 4.0 73.9773 8.0 16.0 0.0
