Person 632.6657 260.2959 14.6687 25.8448 0.0
Person 60.3313 378.8735 24.0 19.0 0.0
Person 19.3313 433.8735 14.0 17.0 0.0
Person 40.8313 456.8735 17.0 15.0 0.0
Person 20.8313 486.3735 19.0 16.0 0.0
Person 79.3313 493.8735 24.0 21.0 0.0
Person 270.8313 444.8735 25.0 15.0 0.0
Person 338.8313 285.3735 19.0 18.0 0.0
Person 326.3313 180.8735 24.0 21.0 0.0
Person 283.3313 272.8735 16.0 19.0 0.0
Person 348.3313 217.8735 16.5543 29.6472 0.747089
Person 424.8313 186.8735 19.0 19.0 0.0
Person 413.8313 218.8735 15.0 17.0 0.0
Person 422.3313 278.3735 10.0 26.0 0.0
Person 410.3313 288.8735 14.0 15.0 0.0
Person 462.8313 337.8735 11.0 15.0 0.0
Person 472.8313 340.3735 9.0 20.0 0.0
Person 380.3313 384.8735 12.0 17.0 0.0
Person 404.3313 392.8735 16.0 17.0 0.0
Person 501.9634 395.5073 14.472 16.1189 0.545655
