Person 169.5 65.5 7.0 17.0 0.0
Person 56.5 95.5 9.0 17.0 0.0
Person 104.0 125.5 10.0 19.0 0.0
Person 133.0 142.5 10.0 19.0 0.0
Person 209.0 161.5 8.0 17.0 0.0
Person 215.0 159.5 8.0 17.0 0.0
Person 265.5 208.0 7.0 16.0 0.0
Person 280.0 273.0 8.0 20.0 0.0
Person 291.5 287.5 9.0 19.0 0.0
Person 281.0 490.0 10.0 24.0 0.0
Person 345.5 410.0 9.0 20.0 0.0
Person 360.0 396.5 8.0 21.0 0.0
Person 386.0 361.5 8.0 23.0 0.0
Person 448.0 388.0 8.0 20.0 0.0
Person 452.0 385.0 6.0 18.0 0.0
Person 460.5 385.0 7.0 18.0 0.0
Person 371.5 233.0 11.0 18.0 0.0
Person 345.5 226.0 9.0 20.0 0.0
Person 333.0 193.0 8.0 18.0 0.0
Person 435.0 16.5 8.0 15.0 0.0
Person 457.0 17.5 6.0 15.0 0.0
Person 464.0 16.5 6.0 17.0 0.0
Person 417.0 16.0 12.0 18.0 0.0
Person 449.5 23.5 9.0 19.0 0.0
Person 540.5 82.5 9.0 19.0 0.0
Person 566.5 83.5 7.0 15.0 0.0
Person 586.4545 5.0 10.9091 10.0 0.0
Person 634.0 451.6842 10.0 24.0 0.0
Person 326.0 48.0 12.0 24.0 0.0
Person 442.0 265.6842 8.0 22.0 0.0
DontCare 362.0 55.6842 50.0 40.0 0.0
