Person 148.8313 293.8735 15.0 21.0 0.0
Person 124.8313 337.8735 15.0 17.0 0.0
Person 18.8313 291.3735 11.6466 15.5356 0.041003
Person 11.8313 301.3735 11.0 16.0 0.0
Person 118.4398 5.6867 14.2169 11.3735 0.0
Person 34.3313 316.8735 14.0 23.0 0.0
Person 60.8313 345.8735 13.0 21.0 0.0
Person 54.8313 326.3735 21.0 26.0 0.0
Person 6.8313 360.3735 13.0 24.0 0.0
Person 57.3313 407.8735 12.0 17.0 0.0
Person 45.3313 464.3735 26.0 16.0 0.0
Person 81.3313 416.3735 18.0 24.0 0.0
Person 78.8313 448.8735 21.0 29.0 0.0
Person 107.8313 449.3735 19.0 18.0 0.0
Person 134.8313 427.3735 17.0 18.0 0.0
Person 466.8313 253.8735 16.3766 39.1639 0.42266
Person 517.8313 271.3735 15.0 18.0 0.0
Person 447.8313 308.8735 11.0 19.0 0.0
Person 471.8313 350.3735 21.0 14.0 0.0
Person 520.8313 295.8735 23.3241 15.8109 2.646041
Person 528.3475 311.0284 19.7165 14.7677 2.54302
Person 549.3313 324.3735 14.0 18.0 0.0
Person 540.3313 339.8735 14.0 15.0 0.0
Person 572.3313 412.8735 20.0 21.0 0.0
Person 474.8313 435.3735 15.0 16.0 0.0
Person 484.3313 446.8735 12.0 15.0 0.0
Person 551.8313 461.3735 19.0 20.0 0.0
Person 527.3313 457.3735 20.0 24.0 0.0
