Person 124.8313 9.3735 21.0 14.0 0.0
Person 114.8313 304.8735 17.0 17.0 0.0
Person 39.3313 295.3735 20.0 18.0 0.0
Person 96.3313 329.8735 20.0 15.0 0.0
Person 68.8313 336.8735 17.5915 12.5116 0.71883
Person 113.8313 345.3735 13.0 18.0 0.0
Person 133.8313 349.8735 19.0 11.0 2.487094
Person 140.8313 365.3735 17.0 16.0 0.0
Person 140.3313 424.3735 14.0 12.0 0.0
Person 63.8313 403.3735 13.0 10.0 0.0
Person 89.3313 413.8735 20.0 17.0 0.0
Person 113.8313 445.8735 15.0 17.0 0.0
Person 85.3313 445.3735 20.0 26.0 0.0
Person 48.8313 460.3735 25.0 14.0 0.0
Person 119.8313 473.3735 11.0 18.0 0.0
Person 127.3313 491.3735 12.0 14.0 0.0
Person 523.8313 5.1867 17.0 10.3735 0.0
Person 534.8313 281.8735 17.0 23.0 0.0
Person 569.8313 281.3735 21.0 20.0 0.0
Person 559.3313 330.3735 12.0 18.0 0.0
Person 579.8313 336.3735 15.0 18.0 0.0
Person 409.3313 367.8735 12.0 15.0 0.0
Person 521.3313 344.3735 28.0 18.0 0.0
Person 507.8313 355.3735 23.0 20.0 0.0
Person 579.8313 420.8735 19.0 21.0 0.0
Person 481.3313 441.3735 14.0 12.0 0.0
Person 503.8313 456.8735 15.0 13.0 0.0
Person 490.8313 451.3735 11.0 10.0 0.0
Person 538.8313 475.8735 17.0 21.0 0.0
Person 581.3313 484.3735 14.0 16.0 0.0
Person 530.3313 503.3735 12.0 16.0 0.0
