Person 261.8313 162.3735 23.0 18.0 0.0
Person 251.7885 183.8295 23.3399 32.1235 2.695557
Person 212.3313 211.3735 18.0 14.0 0.0
Person 225.8313 221.8735 17.0 15.0 0.0
Person 173.8313 239.3735 11.0 18.0 0.0
Person 180.3313 252.3735 12.0 16.0 0.0
Person 251.3313 278.3735 20.0 26.0 0.0
Person 272.3313 268.3735 20.0 32.0 0.0
Person 141.3313 336.8735 14.0 13.0 0.0
Person 165.3313 351.3735 18.0 18.0 0.0
Person 209.8313 376.8735 17.0 19.0 0.0
Person 148.3313 380.3735 32.0 26.0 0.0
Person 179.3313 389.8735 18.0 21.0 0.0
Person 198.8313 415.8735 17.0 17.0 0.0
Person 93.8313 414.3735 13.0 22.0 0.0
Person 106.8313 408.3735 17.0 24.0 0.0
Person 160.3313 413.3735 18.0 18.0 0.0
Person 257.3313 440.3735 14.0 18.0 0.0
Person 141.3313 455.3735 22.0 20.0 0.0
Person 62.8313 474.3735 19.0 14.0 0.0
Person 113.3313 489.3735 20.0 16.0 0.0
Person 579.4937 363.8194 16.8097 27.4715 0.306962
Person 607.8313 377.3735 23.0 26.0 0.0
Person 544.8313 388.3735 21.0 20.0 3.011223
Person 582.0251 425.742 18.0657 24.9613 0.638966
Person 531.3007 501.6867 15.9387 20.6265 0.0
Person 632.8313 505.605 13.0 8.4629 0.0
