Person 435.8313 163.8735 15.0 17.0 0.0
Person 434.8313 28.3735 13.0 24.0 0.0
Person 350.3313 18.3735 20.0 22.0 0.0
Person 323.3313 34.8735 24.0 25.0 0.0
Person 431.5653 63.9262 14.04 20.6148 0.536435
Person 416.3313 46.3735 24.0 16.0 0.0
Person 635.6657 79.6183 8.6687 20.4896 0.0
Person 349.8313 217.3735 23.0 22.0 0.0
Person 333.3313 207.8735 16.0 21.0 0.0
Person 312.3313 182.3735 18.0 18.0 0.0
Person 310.3313 217.8735 16.0 19.0 0.0
Person 130.3313 170.3735 15.8036 23.1138 2.54187
Person 170.8313 220.3735 17.0 18.0 0.0
Person 135.8313 242.8735 17.0 21.0 0.0
Person 76.8313 263.3735 17.0 18.0 0.0
Person 65.3313 283.3735 20.0 18.0 0.0
Person 254.8313 323.8735 19.0 17.0 0.0
Person 209.8313 326.8735 13.0 19.0 0.0
Person 147.3313 370.3735 14.0 14.0 0.0
Person 130.3313 355.3735 22.0 14.0 0.0
Person 135.3313 380.8735 14.0 13.0 0.0
Person 6.3313 433.8735 12.0 25.0 0.0
Person 227.8313 460.8735 23.0 19.0 0.0
Person 217.3313 473.3735 20.0 16.0 0.0
