Bicycle 102.3499 120.6506 32.5965 14.1768 2.3265
Bicycle 114.8499 127.1506 37.0053 19.7052 2.3265
Bicycle 127.3887 137.2851 41.4131 16.551 2.088549
Bicycle 139.3887 151.2851 41.4131 16.551 2.088549
Bicycle 167.3887 152.2851 41.4131 16.551 2.207581
Bicycle 184.0106 159.4812 35.2504 20.6837 2.332458
Bicycle 202.1702 169.0677 47.3796 21.59 2.332458
Bicycle 212.0191 182.4236 42.3809 19.1692 2.332458
Bicycle 223.0024 194.5052 40.9122 18.0656 2.197057
Bicycle 286.5121 139.5748 34.6223 16.1524 1.970859
Bicycle 299.1336 153.4495 46.2188 19.4949 2.081911
Bicycle 258.8313 220.8735 40.2007 28.1763 2.243269
Bicycle 291.3313 189.3735 39.9227 23.1987 2.30714
Bicycle 317.3313 201.3735 47.6409 28.3963 2.156564
Bicycle 234.7966 252.3226 38.4547 25.592 2.838669
Bicycle 278.5024 233.0052 40.6881 16.6692 2.197057
Bicycle 273.4678 275.7142 44.8426 22.2036 2.197057
Bicycle 321.8313 245.3735 40.2354 21.4968 2.197057
Bicycle 305.1227 292.0736 42.6488 23.962 2.197057
Bicycle 223.9158 291.7551 39.7931 16.1041 1.871533
Bicycle 408.54 203.2419 38.8232 17.7379 2.164314
Bicycle 398.1879 190.7817 37.9147 13.8627 2.164314
Bicycle 385.6879 185.2817 40.4215 11.9351 2.164314
Bicycle 305.5575 341.981 46.6389 20.3857 1.80008
Bicycle 345.8313 356.8735 44.8706 17.3388 1.563257
Bicycle 379.8313 390.3735 42.0075 24.2563 0.773634
Bicycle 423.7667 425.267 40.9987 16.8407 1.025405
Bicycle 465.8895 446.1005 46.2027 25.0529 1.095173
Bicycle 492.8313 458.3735 42.6004 14.22 1.450387
Bicycle 551.6613 486.71 48.2595 26.3116 0.100696
