Person 302.5891 10.6867 14.5155 21.3735 0.0
Person 240.9919 10.1867 13.3211 20.3735 0.0
Person 431.3313 23.8735 12.0 17.0 0.0
Person 429.8313 60.8735 19.0 19.0 0.0
Person 412.8313 38.3735 21.0 22.0 0.0
Person 120.3313 156.8735 12.0 19.0 0.0
Person 350.8313 161.8735 13.0 19.0 0.0
Person 498.3313 162.8735 20.0 17.0 0.0
Person 109.8313 231.8735 17.0 17.0 0.0
Person 184.3313 240.3735 16.0 20.0 0.0
Person 393.8313 196.8735 15.0 19.0 0.0
Person 349.8313 191.8735 19.0 17.0 0.0
Person 260.3313 276.8735 14.0 17.0 0.0
Person 249.3313 318.8735 20.0 17.0 0.0
Person 95.8313 276.3735 19.0 16.0 0.0
Person 70.8313 305.3735 17.0 20.0 0.0
Person 173.3313 336.3735 13.8983 14.5202 0.686744
Person 139.8313 336.3735 15.0 18.0 0.0
Person 123.8313 353.8735 18.4952 11.1323 0.775562
Person 117.8313 385.8735 31.0 23.0 0.0
Person 246.3313 451.8735 28.0 17.0 0.0
Person 246.6437 469.4533 19.1988 32.6143 0.548549
