Person 142.8313 273.8735 21.0 17.0 0.0
Person 45.3313 289.3735 28.0 16.0 0.0
Person 457.3313 222.8735 20.0 17.0 0.0
Person 111.8313 8.1867 15.0 16.3735 0.0
Person 538.8313 283.3735 17.0 20.0 0.0
Person 558.3313 276.3735 18.0 20.0 0.0
Person 10.3313 353.8735 18.0 13.0 0.0
Person 19.8313 365.3735 19.0 20.0 0.0
Person 59.8313 319.8735 15.0 17.0 0.0
Person 74.3313 328.3735 16.0 14.0 0.0
Person 117.3313 343.8735 16.0 21.0 0.0
Person 464.8313 298.3735 15.0 12.0 0.0
Person 491.8313 321.3735 17.0 18.0 0.0
Person 521.3313 338.8735 16.0 27.0 0.0
Person 401.8313 356.8735 21.0 17.0 0.0
Person 570.8313 413.3735 19.0 20.0 0.0
Person 473.3313 435.8735 12.0 15.0 0.0
Person 482.3313 446.3735 12.0 10.0 0.0
Person 525.3313 457.8735 20.0 23.0 0.0
Person 60.3313 406.8735 22.0 15.0 0.0
Person 80.3313 417.8735 18.0 13.0 0.0
Person 133.3313 426.8735 16.0 17.0 0.0
Person 107.8313 449.3735 17.0 16.0 0.0
Person 76.3313 449.3735 22.0 28.0 0.0
Person 42.8313 465.3735 27.0 16.0 0.0
