Car 88.8313 244.8735 124.8127 48.0811 2.570627
Car 149.3387 308.6463 121.1829 66.5118 2.570627
Car 259.3583 430.3926 121.8462 54.4497 2.570627
Car 44.1657 401.3735 88.3313 84.0 0.0
Car 116.8313 476.3735 127.0 70.0 0.0
Car 317.8313 490.3735 91.0 42.0 0.0
Bicycle 331.8313 15.3735 31.0 30.0 0.0
Bicycle 369.3476 23.5937 11.7043 32.4619 0.580978
Bicycle 361.1102 14.0718 11.627 24.1912 0.580978
Bicycle 492.06 149.9233 31.5385 15.7443 2.727667
Bicycle 504.4421 160.793 36.8096 19.6975 2.727667
Bicycle 516.0919 171.9469 37.9662 24.1641 2.727667
Bicycle 523.6814 190.1895 40.5414 23.309 2.565488
Bicycle 551.3313 195.8735 36.3403 22.8993 2.565488
Bicycle 565.7055 208.1739 42.174 25.488 2.565488
Bicycle 582.7018 218.8592 50.8109 25.458 2.565488
Bicycle 590.9339 235.5255 44.3531 21.2951 2.565488
Bicycle 600.531 253.4446 42.6759 24.5765 2.565488
Bicycle 596.6321 321.4092 46.823 25.7097 2.902388
Bicycle 578.3313 356.8735 43.5453 15.5179 2.121141
Bicycle 628.8313 354.3735 21.0 38.0 0.0
Bicycle 626.3313 291.8735 26.0 41.0 0.0
