Car 77.2433 284.0686 107.8957 45.5872 2.724474
Car 238.9929 298.7992 87.9225 40.2166 2.660294
Car 194.8094 400.9398 85.5387 50.1647 2.660294
Car 290.5242 345.8499 97.4447 58.842 2.660294
Car 377.0242 432.8499 96.6372 53.9077 2.660294
Car 254.0242 461.8499 104.6542 55.8383 2.660294
Car 421.3313 477.3735 72.7633 33.4889 2.660294
Bicycle 451.8313 152.8735 27.0 17.0 0.0
Bicycle 486.3794 159.5167 30.4552 11.1619 2.759461
Bicycle 431.7507 131.9314 16.1253 29.2884 1.031088
Bicycle 389.4915 30.129 12.6837 26.0232 2.272795
Bicycle 409.8313 134.3735 23.0 16.0 0.0
Bicycle 432.8313 104.3735 21.0 14.0 0.0
Bicycle 413.8313 112.8735 17.0 9.0 0.0
Bicycle 413.8313 102.8735 19.0 11.0 0.0
Bicycle 384.3313 120.8735 20.0 11.0 0.0
Bicycle 396.8313 105.3735 21.0 10.0 0.0
Bicycle 584.8313 243.3735 33.22 14.8805 2.913736
Bicycle 598.3313 260.8735 46.0 17.0 0.0
Bicycle 604.8313 273.3735 41.0 14.0 0.0
Bicycle 627.6657 289.7396 24.6687 12.7322 0.0
