Person 229.3313 143.3735 20.0 16.0 0.0
Person 229.8313 201.3735 13.0 24.0 0.204966
Person 169.9821 207.3243 12.9423 22.4187 0.283601
Person 211.8313 245.8735 15.0 23.0 2.919327
Person 283.3313 227.3735 46.0 22.0 0.0
Person 179.3313 270.3735 16.0 26.0 0.0
Person 191.8313 255.3735 17.0 16.0 0.0
Person 132.8313 334.8735 19.0 17.0 0.0
Person 160.3313 348.3735 14.0 24.0 0.0
Person 203.8313 375.3735 15.0 18.0 0.0
Person 175.5285 391.9657 14.4467 22.6899 2.331717
Person 200.3313 401.3735 18.0 18.0 0.0
Person 144.3313 392.3735 18.0 14.0 0.0
Person 128.7999 402.7023 11.5044 19.2685 2.917609
Person 86.3313 415.8735 20.0 15.0 0.0
Person 95.3313 429.8735 20.0 17.0 0.0
Person 140.3313 458.8735 18.0 15.0 0.0
Person 239.3313 429.3735 12.0 18.0 0.0
Person 80.8313 449.8735 19.0 19.0 0.0
Person 102.8313 480.3735 17.0 18.0 0.0
Person 625.7884 352.6501 25.0519 21.3333 0.087752
Person 547.8313 390.3735 17.0 24.0 0.0
Person 595.3313 397.3735 18.0 16.0 0.0
Person 608.3313 437.8735 20.0 13.0 0.0
Person 528.8313 496.8735 17.0 21.0 0.0
Person 631.6657 503.311 16.6687 15.8749 0.0
