Car 71.6158 184.5416 128.223 69.2655 2.097437
Car 236.2998 289.4925 126.2151 61.8755 2.226682
Car 333.4186 340.733 108.2379 57.9496 2.311975
Car 420.5724 398.1423 122.1637 56.1018 2.235603
Car 112.9729 389.8209 137.3305 63.5254 2.235603
Car 21.1657 316.8735 42.3313 87.0 0.0
Car 520.3313 445.3735 116.0603 63.8906 2.134204
Bicycle 617.3313 171.3735 22.0082 50.3154 0.165572
Bicycle 517.5809 115.33 16.7542 46.2436 0.270433
Bicycle 608.5059 111.579 26.5228 49.5619 0.532134
Bicycle 570.8632 94.0613 30.4179 53.6759 0.459375
Bicycle 523.787 71.905 30.3492 48.1596 0.827355
Bicycle 614.9755 54.5291 19.2287 46.7378 0.277285
Bicycle 595.5449 46.2803 17.0139 45.2973 0.662064
Bicycle 567.5923 41.7853 22.8935 47.9989 0.454861
Bicycle 544.0923 33.2853 30.4998 47.6185 0.454861
Bicycle 599.8313 9.8735 23.0 19.0 0.0
Bicycle 495.8313 11.8735 23.0 23.0 0.0
