Person 270.3313 151.8735 22.0 19.0 0.0
Person 192.9524 149.3845 29.5931 14.1856 2.754907
Person 211.3313 203.8735 18.0 13.0 0.0
Person 261.2254 193.1616 13.8842 27.6456 0.141583
Person 354.3313 218.3735 16.0 32.0 0.0
Person 322.3313 231.3735 10.4035 18.8618 0.686248
Person 373.7168 298.0495 23.6126 18.7307 0.424194
Person 254.3313 277.3735 14.0 14.0 0.0
Person 269.51 269.0571 16.7406 10.2949 2.622447
Person 413.8313 347.8735 19.0 15.0 0.0
Person 321.3313 364.8735 16.0 15.0 0.0
Person 259.8313 372.3735 21.0 16.0 0.0
Person 402.986 501.1867 19.3094 21.6265 0.0
Person 623.1089 6.1867 13.5551 12.3735 0.0
Person 634.6657 76.375 10.6687 16.003 0.0
