Person 630.6657 99.1642 18.6687 23.5815 0.0
Person 389.8313 154.8735 11.0 31.0 0.255474
Person 274.3313 209.8735 14.0 19.0 0.0
Person 328.3313 235.8735 14.0 19.0 0.0
Person 234.6398 212.5932 8.198 21.8588 2.781008
Person 293.3313 243.8735 12.0 21.0 0.0
Person 208.3313 234.8735 14.0 17.0 0.0
Person 371.3313 294.8735 20.0 15.0 0.0
Person 232.3313 296.8735 20.0 17.0 0.0
Person 257.0459 317.0819 10.5146 17.5497 2.543515
Person 412.3313 345.3735 16.0 18.0 0.0
Person 320.3313 363.8735 16.0 15.0 0.0
Person 279.8583 374.6275 12.0507 22.6705 0.607802
Person 396.1894 411.8071 16.9065 18.736 0.561092
Person 322.3313 406.3735 18.0 14.0 0.0
