Person 346.9023 160.9541 13.714 25.395 0.534733
Person 601.3545 89.882 8.6919 22.7467 0.701761
Person 633.1657 97.366 13.6687 17.9851 0.0
Person 292.0735 222.2441 15.5615 28.4713 0.607802
Person 374.3791 303.0406 21.6988 17.3986 0.606767
Person 297.3313 266.8735 14.0 21.0 0.0
Person 269.8313 260.3735 11.0 16.0 0.0
Person 278.3313 279.3735 14.0 14.0 0.0
Person 272.3561 300.8447 13.5841 25.7076 0.274766
Person 197.4742 291.8927 11.6611 28.6832 2.764683
Person 167.8707 360.2284 13.527 22.1772 0.161717
Person 415.3313 353.3735 16.0 16.0 0.0
Person 322.8313 372.3735 15.0 18.0 0.0
Person 296.8313 368.8735 13.0 15.0 0.0
