Person 132.5 106.0 9.0 20.0 0.0
Person 203.0 127.5 8.0 17.0 0.0
Person 248.5 100.5 9.0 19.0 0.0
Person 35.5 258.0 11.0 20.0 0.0
Person 48.5 292.0 9.0 20.0 0.0
Person 13.0 280.0 10.0 20.0 0.0
Person 504.0 262.5 10.0 23.0 0.0
Person 522.0 243.0 8.8092 22.6803 0.205324
Person 515.0 223.0 6.0 16.0 0.0
Person 574.0 222.0 8.0 20.0 0.0
Person 538.0 177.5 10.0 19.0 0.0
Person 462.5 228.5 9.0 21.0 0.0
Person 385.5 209.5 7.0 19.0 0.0
Person 410.0 121.0 6.0 20.0 0.0
Person 419.0 92.5 8.0 17.0 0.0
Person 372.0 86.5 8.0 15.0 0.0
DontCare 597.5 64.5 61.0 49.0 0.0
Person 456.5 20.0 9.0 18.0 0.0
Person 573.5 369.8118 9.0 21.7448 0.145283
Person 606.5 403.4394 9.0 23.0 0.0
Person 503.5 480.9394 11.0 24.0 0.0
Person 596.0 211.1842 12.0 21.0 0.240846
