OtherVehicle 109.2647 58.4737 34.8305 47.9581 0.446805
Car 273.0555 477.7896 82.2047 37.9827 0.423641
Car 304.8313 410.3735 79.152 29.2569 0.506831
Car 331.8313 378.3735 79.152 29.2569 0.506831
Car 357.8313 320.3735 79.152 29.2569 0.506831
Car 372.8313 291.3735 79.152 29.2569 0.489131
Car 390.0411 266.0798 75.646 30.1913 0.42308
Car 403.5411 238.5798 76.1473 28.8689 0.390612
Car 422.5411 215.5798 76.1473 28.8689 0.40541
Car 438.5411 188.5798 76.1473 28.8689 0.459049
Car 483.0681 143.5715 70.7992 33.7246 0.459049
Car 504.5681 117.5715 71.7162 28.8094 0.459049
Car 522.5681 94.5715 69.9439 25.2235 0.459049
Car 625.3313 132.3735 28.0 32.0 0.0
