Person 151.3313 8.8735 20.0 15.0 0.0
Person 553.8313 9.3735 17.0 16.0 0.0
Person 111.8313 283.3735 17.0 20.0 0.0
Person 59.8313 272.8735 17.0 19.0 0.0
Person 114.3313 315.8735 16.0 17.0 0.0
Person 81.8313 316.8735 21.0 19.0 0.0
Person 171.3313 346.8735 16.0 23.0 0.0
Person 147.8313 336.8735 19.0 15.0 0.0
Person 126.3313 334.8735 14.0 19.0 0.0
Person 150.3313 419.3735 12.0 12.0 0.0
Person 72.8313 396.3735 17.0 10.0 0.0
Person 97.8313 406.8735 21.0 13.0 0.0
Person 121.3313 440.3735 16.0 16.0 0.0
Person 92.3313 440.3735 18.0 20.0 0.0
Person 57.8313 451.8735 23.0 13.0 0.0
Person 143.3313 463.8735 12.0 15.0 0.0
Person 124.8313 481.3735 17.0 12.0 0.0
Person 111.3313 503.3735 20.0 12.0 0.0
Person 54.9973 507.6867 13.3319 8.6265 0.0
Person 528.3313 275.3735 14.0 16.0 0.0
Person 564.3313 300.8735 14.0 19.0 0.0
Person 570.8313 337.8735 15.0 19.0 0.0
Person 576.8313 353.3735 13.0 18.0 0.0
Person 520.8313 360.8735 11.0 21.0 0.0
Person 420.8313 371.3735 13.0 18.0 0.0
Person 501.3313 372.3735 22.0 20.0 0.0
Person 504.8313 387.8735 15.0 19.0 0.0
Person 489.3313 447.3735 14.0 12.0 0.0
Person 512.3257 463.9521 18.59 14.9251 0.282238
Person 496.8313 456.8735 9.0 11.0 0.0
Person 587.3313 429.8735 18.0 19.0 0.0
Person 585.3313 478.8735 20.0 19.0 0.0
