Person 558.0 16.5 8.0 17.0 0.0
Person 543.5 16.5 13.0 17.0 0.0
Person 530.5 15.5 9.0 19.0 0.0
Person 428.0 191.0 8.0 18.0 0.0
Person 479.5 246.0 9.0 20.0 0.0
Person 465.5 252.5 9.0 19.0 0.0
Person 370.5 203.5 7.0 17.0 0.0
Person 334.5 221.5 9.0 19.0 0.0
Person 353.5 258.0 9.0 20.0 0.0
Person 373.5 305.5 9.0 21.0 0.0
Person 439.0 319.5 10.0 21.0 0.0
Person 524.5 361.0 7.0 18.0 0.0
Person 518.0 359.5 6.0 17.0 0.0
Person 513.0 362.0 6.0 20.0 0.0
Person 381.5 348.0 9.0 20.0 0.0
Person 448.0 432.0 10.0 20.0 0.0
Person 546.0 446.5 8.0 19.0 0.0
Person 207.5 462.0 15.0 22.0 0.0
Person 289.0 125.5 6.0 17.0 0.0
Person 282.0 117.0 6.0 18.0 0.0
Person 269.5 59.5 7.0 17.0 0.0
Person 162.0 111.0 8.0 16.0 0.0
Person 86.5 88.5 11.0 15.0 0.0
Person 52.0 73.0 8.0 16.0 0.0
Person 538.0 282.6842 10.0 22.0 0.0
DontCare 459.5 54.6842 49.0 42.0 0.0
