Person 237.3313 445.8735 20.0 17.0 0.0
Person 300.8313 152.3735 21.0 24.0 0.0
Person 420.8313 181.3735 15.0 16.0 0.0
Person 420.8313 212.3735 15.0 18.0 0.0
Person 342.8313 225.3735 17.0 24.0 0.0
Person 407.3313 264.8735 12.0 15.0 0.0
Person 406.1126 279.4099 14.9989 9.3687 2.700745
Person 331.8313 272.3735 21.0 12.0 2.794637
Person 283.8313 266.3735 14.7101 34.6499 0.477984
Person 72.8313 377.8735 31.0 17.0 0.0
Person 467.3313 336.3735 18.0 20.0 0.0
Person 498.3313 392.3735 16.0 20.0 0.0
Person 378.8313 381.8735 13.0 15.0 0.0
Person 403.3313 389.3735 16.0 16.0 0.0
Person 15.3313 429.8735 16.0 17.0 0.0
Person 29.8313 449.3735 17.0 14.0 0.0
Person 72.3313 492.3735 22.0 16.0 0.0
Person 22.3313 482.8735 26.0 19.0 0.0
