Bicycle 340.3313 345.8735 13.938 25.7436 0.431064
Bicycle 313.3224 350.4045 20.1812 36.0009 0.660129
Bicycle 292.0569 328.8819 22.9447 38.3047 0.963495
Bicycle 263.7205 329.554 15.4772 33.0674 0.565088
Bicycle 279.966 304.5814 31.3799 16.1813 2.624207
Bicycle 234.8313 295.3735 9.9645 24.6923 0.21486
Bicycle 233.7231 318.3374 26.1104 14.9009 2.6201
Bicycle 244.8313 293.3735 9.9645 24.6923 0.21486
Bicycle 253.8313 291.3735 9.9645 24.6923 0.21486
Bicycle 271.8313 286.3735 9.9645 24.6923 2.987266
Bicycle 283.8313 280.3735 9.9645 24.6923 2.882389
Bicycle 298.8313 278.3735 9.9645 24.6923 2.882389
Bicycle 233.3313 201.8735 31.3845 10.9551 0.610004
Bicycle 349.3313 360.8735 13.938 25.7436 0.57017
Bicycle 464.2794 470.3028 16.4742 33.1233 0.676636
Bicycle 478.6433 482.3877 38.9315 19.5463 2.583687
Bicycle 488.5688 493.2191 37.9406 16.5605 2.45304
