Car 13.0 222.3735 26.0 98.0 0.0
Car 52.8313 208.8735 48.5417 102.0084 2.884422
Car 104.337 192.2665 40.9736 92.8459 2.884422
Car 148.3093 182.1189 42.3774 93.8691 2.814351
Car 201.5129 167.5706 44.5751 98.3146 2.924599
Car 246.9434 149.2552 45.1211 96.792 2.924599
Car 327.5588 125.7766 40.4707 93.1332 2.843248
Car 375.5588 108.7766 40.4707 93.1332 2.843248
Car 418.9305 96.7943 37.9354 90.2981 2.843248
Car 463.0201 87.4625 45.2156 94.7156 2.843248
Car 506.4111 76.1078 46.7593 92.3557 2.843248
Car 551.7579 56.7356 45.2896 89.9364 2.843248
Car 600.2579 51.7356 43.01 92.7299 2.843248
Car 628.1657 34.6867 21.6687 69.3735 0.0
