Person 169.0 69.0 8.0 18.0 0.0
Person 94.0 96.0 12.0 16.0 0.0
Person 139.5 141.5 9.0 17.0 0.0
Person 157.0 158.5 8.0 17.0 0.0
Person 220.0 176.5 10.0 17.0 0.0
Person 229.0 175.5 6.0 15.0 0.0
Person 270.0 209.5 8.0 15.0 0.0
Person 288.5 486.5 9.0 23.0 0.0
Person 294.0 295.0 8.0 18.0 0.0
Person 303.5 300.5 9.0 17.0 0.0
Person 372.5 440.0 9.0 20.0 0.0
Person 396.0 438.5 8.0 21.0 0.0
Person 401.0 379.0 8.0 20.0 0.0
DontCare 368.5 230.0 9.0 20.0 0.0
DontCare 338.5 218.0 9.0 18.0 0.0
DontCare 361.5 68.0 41.0 38.0 0.0
Person 463.5 18.5 7.0 17.0 0.0
Person 468.5 24.0 7.0 12.0 0.0
Person 439.0 20.0 10.0 22.0 0.0
Person 592.4444 4.0 8.8889 8.0 0.0
Person 539.0 79.5 10.0 19.0 0.0
Person 427.0 36.1842 10.0 17.0 0.0
Person 636.0 452.9583 8.0 26.0 0.0
Person 443.5 269.1842 9.0 19.0 0.0
Person 335.5 197.6842 11.0 20.0 0.0
Person 461.3532 402.1194 14.0 24.0 0.0
Person 470.8532 399.1194 7.0 26.0 0.0
Person 422.8532 249.6194 17.0 23.0 0.0
