Bicycle 348.7991 413.9174 18.5479 37.4282 0.121156
Bicycle 380.9256 423.9025 16.2963 37.3443 0.024022
Bicycle 403.0675 449.5164 18.8649 44.6485 2.564969
Bicycle 439.8313 481.3735 18.1205 40.7019 2.564969
Bicycle 471.2519 496.6867 25.8411 30.6265 0.0
Bicycle 355.8746 371.697 26.0565 36.8765 0.852562
Bicycle 330.196 356.5587 24.1418 36.3426 0.580147
Bicycle 301.3313 337.8735 23.8101 34.6133 1.269857
Bicycle 374.8155 338.5572 15.7662 32.912 0.529909
Bicycle 361.8155 331.5572 15.7662 32.912 0.860681
Bicycle 341.8155 325.5572 15.7662 32.912 0.860681
Bicycle 323.2646 316.8405 19.6019 33.4365 0.860681
Bicycle 293.8802 290.3735 32.7706 12.1758 2.843094
Bicycle 284.1706 273.6922 31.8148 13.8956 2.843094
Bicycle 263.1706 263.6922 31.8148 13.8956 2.843094
Bicycle 230.6273 242.0516 31.8884 16.7629 2.843094
Bicycle 219.3313 230.3735 26.9089 14.5572 2.843094
Bicycle 70.8313 148.3735 33.0 20.0 0.0
Bicycle 102.3313 156.8735 18.0 11.0 2.557344
Bicycle 48.2841 133.286 28.5016 17.0089 2.685418
Bicycle 23.2841 134.786 25.3177 24.1407 2.685418
Bicycle 37.654 113.5513 35.1793 15.6621 2.941062
Bicycle 56.3313 101.3735 34.0 10.0 2.89592
Car 85.8313 479.3735 69.6382 33.3994 2.616622
Car 38.8313 441.8735 77.0 61.0 0.0
Car 154.5832 501.6867 52.5038 20.6265 0.0
