Car 94.3313 266.3735 103.6598 47.441 2.712386
Car 16.1657 292.8735 32.3313 47.0 0.0
Car 248.3313 113.8735 92.3072 43.5015 2.730596
Car 393.0804 134.1029 77.9179 29.9317 2.731066
Car 345.3313 218.3735 75.8092 44.0109 2.703777
Car 438.6191 178.2556 90.4469 52.1407 2.755432
Car 397.3313 273.8735 95.8665 52.5605 2.796207
Car 507.4947 257.623 96.2081 44.372 2.780492
Car 546.7029 299.4223 70.5762 37.2712 2.778597
Car 589.7029 344.4223 89.7945 42.808 2.778597
Car 614.3313 398.8735 50.0 55.0 0.0
Bicycle 603.3313 17.8735 18.2854 26.2801 0.931663
Bicycle 564.4552 5.6867 16.2478 11.3735 0.0
Bicycle 587.866 6.1867 27.0693 12.3735 0.0
Bicycle 623.3313 10.8735 18.0 21.0 0.0
