Person 265.8313 55.8735 23.0 35.0 0.0
Car 69.3313 476.3735 94.0 70.0 0.0
Bicycle 165.1167 73.28 17.2272 40.3332 0.110525
Bicycle 150.825 63.2163 17.8241 40.3162 0.186415
Bicycle 116.8313 75.8735 31.6093 50.3871 0.539358
Bicycle 81.0834 54.1416 32.673 53.0854 0.666305
Bicycle 360.3313 191.3735 26.9438 46.6265 0.666305
Bicycle 43.1329 57.6472 27.375 47.1352 0.287136
Bicycle 59.8313 17.1867 35.0 34.3735 0.0
Bicycle 32.6679 20.6867 28.6731 41.3735 0.0
Bicycle 7.1657 45.8735 14.3313 35.0 0.0
Bicycle 9.1657 13.5073 18.3313 27.0146 0.0
Bicycle 380.571 207.3893 22.4692 50.5328 0.579716
Bicycle 396.571 219.3893 22.4692 50.5328 0.579716
Bicycle 409.0739 236.5562 21.7028 51.2484 0.427273
Bicycle 427.9621 232.7281 16.4396 49.1117 0.32502
Bicycle 505.8313 228.8735 40.2543 25.8765 0.382117
Bicycle 518.8313 207.3735 45.3982 28.4956 0.410712
Bicycle 446.031 239.9251 22.1655 45.9959 0.566916
Bicycle 464.682 245.4733 26.0008 49.5958 0.566916
Bicycle 492.682 255.9733 27.4598 59.336 0.566916
Bicycle 505.182 274.4733 25.6182 54.5811 0.566916
Bicycle 525.182 289.9733 27.2293 57.1118 0.566916
Bicycle 581.8313 206.8735 19.3061 46.3603 0.221025
Bicycle 602.9638 224.7365 28.3427 53.1038 0.412775
Bicycle 599.3313 275.8735 33.9579 56.3193 0.537356
Bicycle 573.2453 328.6825 33.2853 51.6193 0.537356
Bicycle 598.0424 342.2013 25.9009 53.0834 0.537356
Bicycle 601.0107 399.0762 32.5909 57.3609 0.537356
Bicycle 549.5103 373.118 34.9806 56.7207 0.844906
Bicycle 543.3313 423.8735 21.2837 52.7258 0.214094
Bicycle 624.8313 348.3735 29.0 48.0 0.0
Bicycle 628.8313 293.8735 21.0 49.0 0.0
Bicycle 632.3313 432.8735 14.0 33.0 0.0
