Person 28.5 123.4535 9.0 19.0 0.0
Person 53.0 125.9535 8.0 18.0 0.0
Person 131.0 145.4535 8.0 19.0 0.0
Person 140.5 59.9535 7.0 18.0 0.0
Person 296.0 172.9535 8.0 20.0 0.0
Person 253.5 210.4535 7.0 17.0 0.0
Person 231.0 207.9535 6.0 18.0 0.0
Person 226.5 207.4535 5.0 17.0 0.0
Person 220.5 208.4535 7.0 19.0 0.0
Person 524.5 413.9535 9.0 20.0 0.0
Person 386.0 418.4535 10.0 21.0 0.0
Person 585.0 331.4535 10.0 23.0 0.0
Person 421.0 302.9535 10.0 22.0 0.0
Person 360.0 353.4535 10.0 21.0 0.0
DontCare 330.5 54.4535 47.0 39.0 0.0
Person 391.0 26.4535 8.0 17.0 0.0
Person 399.5 16.9535 7.0 14.0 0.0
Person 518.5 63.4535 9.0 15.0 0.0
Person 494.0 89.9535 8.0 18.0 0.0
DontCare 525.5 93.9535 33.0 40.0 0.0
Person 537.5 7.9535 11.0 14.0 0.0
Person 561.4839 6.4767 8.9678 12.9535 0.0
Person 591.673 7.4767 9.3459 14.9535 0.0
DontCare 416.5 21.9535 23.0 28.0 0.0
Person 490.0 335.6842 14.0 28.0 0.0
