Person 483.0 15.4535 8.0 19.0 0.0
Person 500.0 13.9535 8.0 18.0 0.0
Person 492.5 14.4535 7.0 17.0 0.0
Person 431.0 240.9535 10.0 18.0 0.0
Person 410.0 241.9535 10.0 22.0 0.0
Person 383.0 193.4535 8.0 17.0 0.0
Person 304.0 240.9535 8.0 18.0 0.0
Person 321.0 205.9535 8.0 18.0 0.0
Person 321.0 269.9535 10.0 20.0 0.0
Person 360.0 339.9535 10.0 18.0 0.0
Person 409.5 335.9535 9.0 20.0 0.0
Person 357.5 372.9535 7.0 20.0 0.0
Person 528.5 474.9535 9.0 18.0 0.0
Person 435.0 467.4535 10.0 21.0 0.0
Person 479.0 371.4535 8.0 17.0 0.0
Person 485.5 370.4535 7.0 17.0 0.0
Person 492.5 368.4535 7.0 19.0 0.0
Person 291.0 482.9535 18.0 22.0 0.0
Person 252.0 137.9535 10.0 24.0 0.0
Person 222.5 62.9535 7.0 16.0 0.0
Person 144.0 122.9535 8.0 16.0 0.0
Person 45.5 83.4535 7.0 17.0 0.0
Person 92.0 103.9535 8.0 18.0 0.0
Person 637.2105 6.0 4.4211 12.0 0.0
Person 493.0 273.1842 10.0 23.0 0.0
DontCare 410.5 54.6842 51.0 38.0 0.0
