Bicycle 574.665 257.6337 66.5704 25.632 0.360246
Bicycle 630.6657 281.8735 16.6687 31.0 0.0
Bicycle 516.1226 227.3348 56.1252 21.1895 1.236804
Bicycle 456.4031 222.2588 68.2624 21.4381 1.489966
Bicycle 318.0131 186.8834 59.4876 21.2677 1.547689
Bicycle 424.27 146.4477 65.7347 24.9835 1.818236
Bicycle 372.6326 133.6603 65.4796 28.2196 1.818236
Bicycle 309.463 125.2156 60.8982 32.3267 2.07532
Bicycle 405.3313 64.3735 63.3002 23.9391 1.540333
Bicycle 380.6703 65.32 55.2656 18.2531 1.832687
Bicycle 348.1703 65.32 59.2487 26.5678 1.832687
Bicycle 317.1703 60.82 63.9387 36.1074 1.832687
Bicycle 366.3313 11.6867 16.0 21.3735 0.0
Bicycle 320.8313 8.1867 13.0 16.3735 0.0
Bicycle 249.6836 32.6867 30.7046 65.3735 0.0
Bicycle 221.3313 24.6867 26.0 49.3735 0.0
Bicycle 196.8313 17.1867 27.0 34.3735 0.0
Bicycle 165.3313 13.1867 24.0 26.3735 0.0
Bicycle 139.8313 9.6867 19.0 19.3735 0.0
Bicycle 122.3313 8.6867 10.0 17.3735 0.0
Bicycle 100.3313 16.1867 20.0 32.3735 0.0
Bicycle 77.3313 9.1867 20.0 18.3735 0.0
