Car 200.3313 222.8735 58.9021 25.21 0.451248
Car 222.4983 184.2429 55.9251 22.9464 0.451248
Car 244.2211 166.2514 58.161 23.2034 0.451248
Car 265.2211 135.2514 59.0332 25.0032 0.451248
Car 277.8313 118.3735 59.3104 22.0742 0.451248
Car 289.3313 101.8735 58.8466 20.7382 0.451248
Car 300.1583 86.7769 56.6007 21.4435 0.386409
Car 313.3313 72.8735 52.2059 19.8882 0.408757
Car 327.325 58.5557 55.664 20.2385 0.384395
Car 363.783 36.9472 58.173 25.8532 0.408927
Car 377.783 19.6867 55.1991 18.9907 0.408927
Car 392.1154 10.1867 48.4318 20.3735 0.0
Car 486.3313 28.3735 58.0 32.0 0.0
Car 556.1274 9.1867 35.5921 18.3735 0.0
Car 587.9846 11.9082 45.8818 21.7567 3.115847
Car 606.8702 20.6896 40.2577 17.831 2.337268
Car 625.8313 31.8735 27.0 31.0 0.0
