Car 339.8313 396.8735 82.1108 30.7865 0.484486
Car 375.2609 335.3472 75.8014 28.743 0.535342
Car 401.6627 306.5127 77.6818 30.3379 0.535342
Car 429.6627 253.0127 74.4312 28.7779 0.535342
Car 445.1627 224.0127 70.8306 28.5881 0.535342
Car 464.6627 202.0127 73.4109 27.0577 0.535342
Car 480.3315 177.2061 77.185 29.0528 0.496921
Car 497.3313 155.3735 74.3141 27.9537 0.425614
Car 517.6209 131.0286 75.4312 27.0571 0.478197
Car 561.3464 91.5176 71.9077 34.4904 0.478197
Car 583.3464 65.5176 71.8426 30.0187 0.478197
Car 600.8464 43.5176 71.8101 27.7829 0.478197
