Bicycle 212.0906 70.4794 54.7293 37.8748 0.141326
Bicycle 116.3313 38.3735 12.0 38.0 0.0
Bicycle 287.8313 23.6867 21.0 47.3735 0.0
Bicycle 34.3313 91.3735 20.7743 55.285 0.134498
Bicycle 58.7584 103.1927 27.8204 55.1576 0.252708
Bicycle 86.2584 110.6927 26.6658 62.6854 0.252708
Bicycle 108.4293 126.5203 26.1676 61.7628 0.134198
Bicycle 128.3313 116.8735 17.8341 58.8808 2.977894
Bicycle 148.8044 120.3889 19.2228 52.625 0.192717
Bicycle 172.4854 120.1057 27.4869 62.9894 0.289181
Bicycle 206.3138 123.7552 28.5168 68.1988 0.259873
Bicycle 229.4726 141.754 24.7359 63.7351 0.259873
Bicycle 257.0199 153.076 25.1771 76.7011 0.259873
Bicycle 316.0014 39.3357 29.4799 55.6033 0.108741
Bicycle 370.193 50.1765 25.0205 63.2359 0.443255
Bicycle 452.6853 51.2604 28.8605 62.7019 0.235755
Bicycle 473.6542 55.3898 22.5593 62.4249 0.235755
Bicycle 493.6542 71.3898 21.1579 56.5908 0.235755
Bicycle 335.8313 109.8735 23.7018 62.3556 0.337257
Bicycle 378.148 114.952 35.7736 64.6473 0.337257
Bicycle 323.648 186.452 35.1608 65.9219 0.337257
Bicycle 354.2477 190.4587 24.923 56.0875 0.20528
Bicycle 385.5478 191.4186 20.7629 52.7858 0.20528
Bicycle 413.3313 187.8735 22.2444 61.6294 3.073506
Bicycle 313.0315 251.1666 30.4554 57.0154 0.574243
Bicycle 378.5387 258.6123 29.6486 65.9204 0.156906
Bicycle 430.1206 270.9453 24.6509 65.4816 0.181569
Bicycle 324.8313 311.8735 21.8167 55.48 3.120172
Bicycle 462.6563 345.4703 21.3517 60.3968 3.043757
Bicycle 519.8159 348.9646 25.6308 61.7779 2.792727
Bicycle 582.3313 383.8735 25.56 63.6529 2.063225
Bicycle 633.1657 400.3735 11.6687 20.0 0.0
