Person 65.5 101.0 11.0 18.0 2.901096
Person 184.0 123.5 8.0 17.0 0.0
Person 216.0 94.0 10.0 20.0 0.0
Person 37.5 273.0 9.0 20.0 0.0
Person 26.5 289.0 11.0 20.0 0.0
Person 53.0 304.0 8.0 22.0 0.0
Person 515.5 471.5 9.0 19.0 0.0
Person 578.0 366.0 8.0 20.0 0.0
Person 562.0 349.0 10.0 22.0 0.077856
Person 512.5 223.0 7.0 16.0 0.0
Person 572.0 220.0 8.0 20.0 0.0
Person 594.5 221.0 10.6091 20.5048 0.169413
Person 503.0 217.5 6.0 17.0 0.0
Person 496.0 224.5 8.0 17.0 0.0
Person 550.5 194.0 9.0 20.0 0.0
Person 466.5 216.5 9.0 19.0 0.0
Person 444.0 202.0 8.0 18.0 0.0
Person 345.0 177.0 8.0 18.0 0.0
Person 394.0 101.0 8.0 20.0 0.0
Person 414.5 83.5 7.0 19.0 0.0
DontCare 598.5 61.0 53.0 46.0 0.0
Person 448.5 11.5 9.0 17.0 0.0
