Person 172.0 111.0 8.0 20.0 0.0
Person 215.5 128.5 7.0 17.0 0.0
Person 269.0 106.0 8.0 20.0 0.0
Person 4.5 269.5 7.0 21.0 0.0
Person 38.5 246.5 9.0 21.0 0.0
Person 46.5 281.5 11.0 19.0 0.0
Person 488.0 491.0 12.0 26.0 0.0
Person 625.0 425.0 6.0 22.0 0.0
Person 586.5 380.5 9.0 21.0 0.0
Person 534.5 298.0 9.0 20.0 0.0
Person 538.0 260.0 10.0 24.0 0.0
Person 572.5 220.0 9.0 18.0 0.0
Person 525.0 166.0 10.0 20.0 0.0
Person 514.5 219.5 9.0 15.0 0.0
Person 475.5 246.5 9.0 21.0 0.0
Person 409.0 232.5 8.0 19.0 0.0
Person 423.0 137.0 8.0 18.0 0.0
Person 419.0223 98.3504 7.9938 16.4569 0.120624
Person 388.5 97.5 9.0 19.0 0.0
Person 464.0 24.0 8.0 18.0 0.0
DontCare 590.5 57.5 61.0 51.0 0.0
Person 605.0 202.1842 10.0 21.0 0.0
