Car 99.9995 305.4807 97.1245 39.0458 2.560139
Car 149.1879 349.5721 99.592 53.7331 2.677793
Car 235.8313 427.3735 91.24 54.9934 2.677793
Car 291.3313 475.1867 78.5488 40.7976 2.644874
Car 56.2227 408.3226 88.065 47.8714 2.624744
Car 124.8984 465.5024 101.9816 48.1541 2.624744
Car 355.8313 502.8735 53.0 17.0 0.0
Bicycle 284.3313 131.3735 26.0 14.0 2.94661
Bicycle 299.6326 146.5665 25.3293 17.8162 2.94661
Bicycle 329.4067 154.3273 23.4041 14.9095 2.94661
Bicycle 257.4677 129.8995 21.2178 14.5808 2.576344
Bicycle 235.65 119.4167 7.189 21.1709 1.21655
Bicycle 239.8313 104.3735 11.355 16.1265 1.652556
Bicycle 263.3313 110.8735 18.0 11.0 0.0
Bicycle 282.3313 103.3735 20.0 14.0 0.0
Bicycle 232.3313 29.3735 10.3511 26.6993 2.339335
Bicycle 440.3712 242.8327 32.4356 12.0986 2.583373
Bicycle 450.5018 253.5086 34.4322 14.8036 2.427984
Bicycle 485.9078 271.2139 26.3539 13.8245 2.668202
Bicycle 506.4363 284.3565 37.0829 16.5123 2.921902
Bicycle 514.1459 299.1119 34.5459 15.4969 3.001553
Bicycle 515.3347 313.8034 24.1838 14.6594 3.001553
Bicycle 517.2135 351.3967 33.654 25.5057 3.001553
Bicycle 542.7968 328.8535 30.9397 22.3288 2.755658
Bicycle 547.921 373.3224 36.5603 20.609 2.434021
Bicycle 571.8108 390.9699 36.0525 22.4348 2.815297
Bicycle 560.8208 341.8841 26.9659 14.0157 2.360887
Bicycle 575.8208 351.8841 26.9659 14.0157 2.360887
Bicycle 592.8993 359.395 28.9811 16.273 2.360887
Bicycle 561.7257 427.7926 38.3321 22.7876 1.853014
Bicycle 593.8804 444.3032 39.506 18.5174 1.535162
Bicycle 617.3911 475.4376 21.6107 35.9118 2.406086
