Person 212.8313 280.8735 15.0 21.0 0.0
Person 589.3313 45.3735 16.0 12.0 0.0
Person 604.8313 50.8735 17.0 13.0 0.0
Person 603.3313 65.3735 22.0 10.0 0.0
Person 624.3313 274.8735 14.0 27.0 0.350029
Person 356.8313 303.3735 23.0 18.0 0.0
Person 402.8313 347.3735 15.0 16.0 0.0
Person 416.8313 498.3735 17.0 18.0 0.0
Person 249.3313 286.8735 16.0 15.0 0.0
Person 280.3313 254.8735 14.0 13.0 0.0
Person 264.3313 271.3735 18.0 12.0 2.706239
Person 287.3313 266.8735 14.0 11.0 0.0
Person 285.3313 277.8735 14.0 11.0 0.0
Person 226.3313 343.8735 16.0 21.0 0.0
Person 283.8313 371.8735 13.0 15.0 0.0
Person 310.3313 373.8735 14.0 15.0 0.0
Person 242.4922 378.3978 18.6402 28.2034 0.101775
