Person 276.3313 64.8735 18.0 21.0 0.0
Person 361.4998 174.3637 31.9194 16.0337 2.732659
Person 416.3313 184.3735 14.0 16.0 0.0
Person 402.7633 206.4222 13.9939 18.372 0.476707
Person 324.3313 209.8735 18.0 21.0 0.0
Person 337.3313 241.3735 20.0 18.0 0.0
Person 362.3313 277.8735 24.0 21.0 0.0
Person 447.8313 330.8735 21.0 21.0 0.0
Person 52.3313 392.8735 18.0 21.0 0.0
Person 480.8313 385.8735 15.0 21.0 0.0
Person 398.8313 439.8735 15.0 31.0 0.0
Person 361.3313 380.8735 14.0 15.0 0.0
Person 386.3313 387.8735 16.0 17.0 0.0
Person 163.3313 465.3735 28.0 14.0 0.0
Person 57.3313 498.8735 30.0 17.0 0.0
Person 10.8313 502.3735 19.0 16.0 0.0
Person 7.8313 472.8735 15.0 15.0 0.0
