Person 250.3418 204.1015 13.142 17.3047 2.624425
Person 434.8313 30.3735 13.0 20.0 0.0
Person 328.4773 6.1867 16.292 12.3735 0.0
Person 289.6268 7.1867 10.591 14.3735 0.0
Person 76.8313 223.3735 19.0 24.0 0.0
Person 161.8313 271.3735 21.0 22.0 0.0
Person 89.8313 253.8735 15.0 13.0 0.0
Person 245.8313 332.8735 21.0 21.0 0.0
Person 104.8313 288.8735 13.0 19.0 0.0
Person 8.3313 257.8735 14.0 23.0 0.0
Person 15.3313 292.3735 18.0 16.0 0.0
Person 47.8313 338.8735 13.0 15.0 0.0
Person 110.8313 360.8735 15.0 15.0 0.0
Person 156.8313 325.3735 15.0 14.0 0.0
Person 136.3313 320.8735 12.0 15.0 0.0
Person 172.3313 343.8735 14.0 15.0 0.0
Person 286.8313 466.3735 17.0 16.0 0.0
Person 521.8313 48.3735 13.0 20.0 0.0
Person 417.8313 46.3735 23.0 16.0 0.0
Person 432.8313 65.8735 15.3486 18.5046 0.582914
Person 511.3313 110.8735 16.0 17.0 0.0
Person 519.3313 138.3735 14.0 18.0 0.0
Person 624.0025 140.9792 12.1213 20.6147 0.571216
