Person 177.8773 167.585 17.1596 11.6846 0.633756
Person 364.8313 187.3735 11.0 18.0 0.0
Person 313.8313 223.8735 13.0 19.0 0.0
Person 328.8313 220.8735 17.0 27.0 0.0
Person 237.8313 229.8735 17.0 19.0 0.0
Person 264.8313 266.8735 19.0 19.0 0.0
Person 242.2225 256.7776 25.1728 13.1435 2.773033
Person 374.3313 300.3735 24.0 18.0 0.0
Person 414.8313 350.8735 17.0 17.0 0.0
Person 322.3313 368.8735 18.0 17.0 0.0
Person 290.5226 367.2264 15.7791 9.2653 1.06076
Person 608.6595 90.0485 10.195 21.4171 0.221781
Person 631.3313 83.3735 12.0 14.0 0.463648
