Car 150.8313 501.1867 81.0 19.6265 0.0
Car 165.0019 468.3062 96.7365 39.9388 0.139158
Car 168.3894 420.4308 96.449 42.4828 0.056756
Car 177.8894 376.4308 95.5641 44.5363 0.056756
Car 182.8313 327.8735 93.3079 42.0432 0.167371
Car 215.8313 236.3735 95.7797 44.6681 0.167371
Car 224.3313 191.3735 96.0994 40.5574 0.167371
Car 232.2235 148.796 92.5604 39.1214 0.167371
Car 403.148 149.0505 92.2197 44.363 2.922398
Car 497.3313 39.1867 58.0 78.3735 0.0
Car 543.8313 49.3735 39.9098 89.8455 0.388953
Car 589.2319 67.8513 41.1606 94.7882 0.485231
Car 622.8313 84.8735 33.0 97.0 0.0
