Car 173.3313 244.8735 107.2525 60.2819 2.289797
Car 103.6514 204.5217 102.9163 52.0211 2.289797
Car 35.1657 162.0103 70.3313 67.2737 0.0
Bicycle 561.8313 201.3735 21.8877 42.8244 2.73152
Bicycle 512.0543 173.0778 25.8342 37.9723 1.550715
Bicycle 464.2286 149.955 14.0539 37.7407 2.972482
Bicycle 440.3368 143.8704 24.5967 40.2562 2.677632
Bicycle 402.8296 126.37 19.689 37.1203 2.677632
Bicycle 362.5115 97.4127 16.1552 38.6993 2.203939
Bicycle 332.7725 69.5611 12.6782 38.391 2.968027
Bicycle 297.9197 59.3499 17.2585 42.2327 0.196629
Bicycle 222.8313 16.8735 21.0 33.0 0.0
Bicycle 268.5065 15.3735 26.3503 30.0 0.0
Bicycle 299.3313 18.3735 32.0 36.0 0.0
