Person 137.3313 282.3735 16.0 20.0 0.0
Person 113.8313 5.6867 21.0 11.3735 0.0
Person 118.3313 345.8735 20.0 17.0 0.0
Person 17.8313 290.8735 23.0 23.0 0.0
Person 42.8313 316.8735 15.0 17.0 0.0
Person 57.8313 341.3735 19.0 30.0 0.0
Person 38.9945 344.0825 15.8952 21.3166 2.475532
Person 56.3313 410.3735 12.0 16.0 0.0
Person 80.3313 415.3735 16.0 20.0 0.0
Person 43.2765 465.7032 25.7588 14.7802 0.102594
Person 132.3313 427.8735 16.0 17.0 0.0
Person 76.8313 450.3735 19.0 32.0 0.0
Person 105.8313 451.8735 19.0 21.0 0.0
Person 464.3313 231.3735 16.0 26.0 0.0
Person 464.3313 305.3735 12.0 22.0 0.0
Person 430.8313 351.8735 23.0 17.0 0.0
Person 520.8313 273.3735 15.0 18.0 0.0
Person 539.3313 282.8735 12.0 17.0 0.0
Person 509.1878 306.6558 11.3814 25.0679 0.343024
Person 529.0083 336.7728 16.9367 28.7688 0.086323
Person 570.8313 413.3735 17.0 24.0 0.0
Person 474.3313 436.3735 16.0 14.0 0.0
Person 483.8313 446.8735 11.0 11.0 0.0
Person 525.8313 458.3735 19.0 20.0 0.0
Person 533.8313 473.8735 19.0 19.0 0.0
