Person 121.8313 186.3735 13.0 20.0 0.0
Person 370.3313 7.8735 12.0 13.0 0.0
Person 449.3313 33.8735 12.0 19.0 0.0
Person 431.3313 50.8735 20.0 13.0 0.0
Person 446.3858 70.1695 13.4989 19.7232 0.557632
Person 238.3313 213.3735 18.0 24.0 0.0
Person 227.8313 257.8735 17.0 15.0 0.0
Person 120.3313 263.3735 15.7383 20.792 2.295496
Person 98.0412 244.8905 12.4429 22.6224 2.38102
Person 84.8313 285.8735 19.0 19.0 0.0
Person 26.3319 264.5224 15.1552 26.3215 2.636532
Person 79.3313 316.3735 20.0 20.0 0.0
Person 47.3313 309.8735 20.0 13.0 0.0
Person 42.8313 327.3735 21.0 16.0 0.0
Person 597.3313 77.3735 16.0 18.0 0.0
Person 564.3313 104.3735 14.0 22.0 0.0
Person 585.8313 124.3735 12.5948 24.2151 0.976037
Person 630.3313 141.8735 18.0 17.0 0.0
Person 252.8313 325.3735 15.0 20.0 2.502353
Person 179.3313 339.3735 18.0 16.0 0.0
Person 171.8313 379.3735 15.0 14.0 0.0
Person 307.0919 498.1495 24.7364 12.0715 2.671308
