Person 526.3313 164.8735 22.0 21.0 0.0
Person 623.8313 33.8735 19.0 27.0 0.0
Person 426.2427 56.7271 14.2029 18.5897 0.559211
Person 427.3313 21.3735 12.0 22.0 0.0
Person 409.8313 39.8735 23.7296 12.9192 2.680053
Person 107.3313 148.8735 26.0 17.0 0.0
Person 374.3313 155.3735 16.0 16.0 0.0
Person 410.8313 186.3735 15.0 22.0 0.0
Person 369.3313 182.3735 12.0 16.0 0.0
Person 174.3313 255.8735 18.0 25.0 0.0
Person 95.3313 231.8735 20.0 17.0 0.0
Person 226.1489 307.9005 12.0293 23.8486 2.460195
Person 246.8313 315.8735 17.0 17.0 0.0
Person 97.8313 283.3735 17.0 18.0 0.0
Person 63.3313 307.8735 14.0 21.0 0.0
Person 134.3313 327.8735 16.0 19.0 0.0
Person 168.8313 337.3735 19.0 20.0 0.0
Person 118.8313 357.3735 21.0 16.0 0.0
Person 95.3313 402.8735 26.0 19.0 0.0
Person 264.3313 415.8735 16.0 23.0 0.0
Person 275.3313 433.3735 18.0 20.0 0.0
