Car 95.747 173.3632 105.4673 41.8029 0.328607
Car 81.2161 219.7526 103.4187 45.3946 0.327428
Car 63.9985 270.4991 99.035 46.2376 0.316346
Car 282.5672 201.3243 100.7932 48.2813 3.081089
Car 35.1657 371.8735 70.3313 53.0 0.0
Car 31.1657 428.8735 62.3313 49.0 0.0
Car 16.6657 477.3735 33.3313 42.0 0.0
Car 406.9855 83.3187 101.9756 43.8247 2.153426
Car 455.8313 106.8735 102.8783 42.2617 2.171295
Car 502.8313 137.8735 102.8783 42.2617 2.174633
Car 551.988 163.953 112.7093 49.4235 2.174633
Car 601.6657 189.3735 74.6687 94.0 0.0
Car 624.6657 231.3735 28.6687 66.0 0.0
