Person 318.3313 212.8735 14.0 15.0 0.0
Person 275.3313 248.8735 14.8546 24.0071 0.616455
Person 252.8313 259.3735 17.0 16.0 0.0
Person 314.8313 262.8735 13.0 21.0 0.0
Person 302.3313 293.3735 12.0 16.0 0.0
Person 272.3279 288.1527 12.0572 16.627 2.611377
Person 202.3313 325.8735 18.0 19.0 0.0
Person 373.8313 306.3735 21.0 16.0 0.115456
Person 175.8668 394.5404 12.4924 20.3336 2.71971
Person 418.8514 356.9034 21.9539 13.0345 2.550265
Person 296.3313 369.8735 14.0 11.0 0.0
Person 323.3313 373.3735 16.0 16.0 0.0
Person 596.8313 90.8735 13.0 19.0 0.0
Person 634.1657 95.125 11.6687 17.503 0.0
