Person 128.8313 230.8735 19.0 17.0 0.0
Person 116.3313 274.3735 20.0 18.0 0.0
Person 50.8313 282.3735 19.0 18.0 0.0
Person 132.3313 318.3735 14.0 20.0 2.618149
Person 74.8313 306.3735 9.0 18.0 0.0
Person 84.3313 306.3735 14.0 14.0 0.0
Person 109.3313 313.3735 16.0 16.0 2.480549
Person 90.3313 321.3735 18.0 18.0 0.0
Person 56.8313 391.8735 15.0 19.0 0.0
Person 78.3313 396.8735 20.0 19.0 0.0
Person 129.8313 407.8735 13.0 13.0 0.0
Person 111.8313 414.3735 19.0 20.0 0.0
Person 96.3313 425.8735 12.0 15.0 0.0
Person 119.4168 430.1465 25.2649 14.3363 2.583102
Person 51.7067 436.6412 11.1469 19.9943 2.190373
Person 30.8313 470.8735 19.0 15.0 0.0
Person 28.9815 490.3951 14.3921 24.2936 2.489612
Person 81.8313 502.3735 17.0 18.0 0.0
Person 558.3313 262.8735 18.0 21.0 0.0
Person 509.8313 264.3735 17.0 20.0 0.0
Person 481.8313 325.3735 15.0 22.0 0.0
Person 544.8313 331.8735 19.0 21.0 0.0
Person 423.0927 331.1832 25.0733 17.5257 0.312237
Person 535.3313 353.8735 16.0 15.0 0.0
Person 488.8313 357.8735 17.0 23.0 0.0
Person 468.8313 375.8735 29.0 23.0 0.0
Person 571.3313 417.8735 20.0 23.0 0.0
Person 566.7881 452.7984 9.9126 27.5675 0.444801
Person 599.3313 481.3735 6.4902 17.7166 0.909753
Person 491.3313 451.3735 16.0 16.0 0.0
Person 471.8313 436.3735 15.0 16.0 0.0
Person 456.3876 505.1867 12.1124 13.6265 0.0
