Person 143.3313 207.3735 14.0 20.0 0.0
Person 77.8313 263.8735 17.0 21.0 0.0
Person 142.8313 262.8735 21.0 17.0 0.0
Person 186.8313 296.3735 23.0 22.0 0.0
Person 113.8313 307.3735 23.0 22.0 0.0
Person 143.3313 281.3735 18.0 16.0 0.0
Person 151.8313 296.3735 17.0 18.0 0.0
Person 78.8313 378.3735 17.0 16.0 0.0
Person 96.8313 381.8735 17.0 15.0 0.0
Person 148.3313 397.8735 12.0 13.0 0.0
Person 133.7922 401.5467 14.294 21.5235 2.435939
Person 119.8313 417.8735 15.3333 22.4252 2.281191
Person 146.8313 423.8735 19.0 17.0 0.0
Person 68.8313 427.8735 17.0 15.0 0.0
Person 118.3751 478.4217 25.4053 12.203 0.586744
Person 96.8313 490.3735 15.0 18.0 0.0
Person 31.7052 456.2929 12.8683 19.7312 2.594692
Person 44.3313 474.8735 18.0 23.0 0.0
Person 433.9991 332.2719 14.7698 21.6542 2.517646
Person 593.3313 283.3735 20.0 18.0 0.0
Person 512.8313 326.3735 17.0 16.0 0.0
Person 532.9929 337.1223 16.6185 30.4304 0.508052
Person 571.3313 369.8735 14.0 19.0 0.0
Person 522.3313 370.8735 14.0 17.0 0.0
Person 549.3332 382.074 16.6233 24.9041 0.620397
Person 587.8313 439.3735 21.0 22.0 0.0
Person 580.7292 473.5575 14.0097 27.6785 0.574128
Person 487.3313 449.3735 12.0 16.0 0.643501
Person 508.8313 465.8735 15.0 15.0 0.0
