Person 192.5 115.5 9.0 19.0 0.0
Person 221.0 132.5 6.0 17.0 0.0
Person 279.0 110.0 8.0 20.0 0.0
Person 39.5 241.0 7.0 20.0 0.0
Person 46.0 276.5 10.0 21.0 0.0
Person 6.0 264.5 8.0 21.0 0.0
Person 489.5 487.0 9.0 22.0 0.0
Person 635.0 439.5 8.0 25.0 0.0
Person 592.0 389.5 8.0 21.0 0.0
Person 551.0 321.0 8.0 24.0 0.0
Person 545.0 272.5 10.0 25.0 0.0
Person 483.5 255.0 9.0 22.0 0.0
Person 418.5 247.5 9.0 21.0 0.0
Person 512.0 219.5 8.0 15.0 0.0
Person 573.0 220.5 6.0 19.0 0.0
Person 518.5 161.0 7.0 18.0 0.0
Person 429.0 147.0 8.0 20.0 0.0
Person 418.0 103.0 8.0 16.0 0.0
Person 394.0 104.5 8.0 17.0 0.0
Person 468.0 29.0 8.0 18.0 0.0
DontCare 597.0 62.0 58.0 50.0 0.0
Person 608.0 196.6842 12.0 24.0 0.0
