Car 160.8313 52.8735 28.0838 21.1021 2.411693
Car 109.7146 59.2464 29.642 22.9828 1.973788
Car 155.5172 246.5837 47.2966 18.9151 0.231091
Car 172.4975 222.6673 50.7322 16.2239 0.231091
Car 186.8392 209.4288 48.658 14.3352 0.343609
Car 206.8392 190.4288 48.658 14.3352 0.343609
Car 210.3313 178.8735 33.5587 13.0695 0.343609
Car 224.8925 171.2026 44.9264 13.5876 0.343609
Car 233.1812 161.8059 47.0859 11.9723 0.343609
Car 242.8262 152.7982 30.6737 12.1971 0.343609
Car 256.8858 145.6314 39.5536 12.9139 0.343609
Car 284.3156 131.0329 46.8182 17.9585 0.343609
Car 295.8156 120.5329 44.1922 13.5876 0.343609
Car 302.1171 110.1775 40.7542 12.0414 0.343609
Car 381.8313 127.3735 45.0 22.0 0.0
Car 440.3313 108.8735 18.7155 34.853 0.796228
Car 460.3313 114.8735 18.7155 34.853 0.796228
Car 476.7262 121.7442 16.2855 36.6296 0.796228
Car 498.1362 126.0537 18.7002 38.2122 0.796228
Car 519.7918 133.6908 19.0984 36.7674 0.796228
Car 536.7918 140.6908 19.0984 36.7674 0.796228
Car 560.1525 148.0485 20.0531 42.4392 0.796228
Car 580.8187 153.7073 20.4666 38.1815 0.796228
Car 618.1901 161.5759 19.3077 37.4668 0.796228
Car 630.8313 170.8735 17.0 25.0 0.0
