Bicycle 454.8313 11.8735 29.0 15.0 0.0
Bicycle 471.8313 29.3735 31.0 16.0 0.0
Bicycle 572.8313 101.3735 45.0 22.0 0.0
Bicycle 480.8313 48.8735 35.0 17.0 0.0
Bicycle 475.2018 108.4022 32.1119 14.3655 0.114575
Bicycle 532.4598 116.3739 33.2375 19.6651 3.005282
Bicycle 486.2539 116.9262 28.278 13.3049 3.002182
Bicycle 440.0979 115.319 27.8369 13.8079 3.080761
Bicycle 404.4477 138.026 26.1956 15.4342 2.831336
Bicycle 447.8313 144.3735 23.0 12.0 0.0
Bicycle 494.8313 142.8735 21.0 17.0 0.0
Bicycle 590.3313 134.8735 28.0 13.0 0.0
Bicycle 593.8313 147.8735 29.0 13.0 0.0
Bicycle 588.3313 158.3735 30.0 14.0 0.0
Bicycle 456.8313 172.8735 35.0 17.0 0.0
Bicycle 424.3223 200.8477 37.2065 19.7456 2.583631
Bicycle 437.8313 224.8735 34.3048 22.6534 2.476168
Bicycle 437.8313 259.3735 33.5495 17.8727 1.544959
Bicycle 438.6498 300.098 36.0704 16.5572 1.708837
Bicycle 447.8313 330.3735 36.707 19.9398 1.909379
Bicycle 458.8313 350.8735 34.5737 14.0947 2.092221
Bicycle 471.3313 391.8735 44.8635 19.8057 0.769731
Bicycle 480.1928 433.3918 29.1159 42.6274 0.488806
Person 251.3313 118.3735 18.0 30.0 0.0
Car 189.7852 274.8763 109.057 48.9957 3.066821
Car 180.4552 214.9469 106.3938 48.9378 3.066821
Car 178.2105 158.1106 109.9022 49.2896 3.134653
Car 163.2105 94.6106 107.9369 44.2758 3.134653
Car 46.6657 96.3735 93.3313 58.0 0.0
Car 36.1657 20.1867 72.3313 40.3735 0.0
