Car 133.8313 491.6867 77.0 38.6265 0.0
Car 145.6762 424.2643 72.6455 28.4004 0.293759
Car 161.1762 390.7643 75.8066 28.4889 0.293759
Car 173.6762 333.7643 74.8494 28.7785 0.293759
Car 178.3232 305.8742 70.2467 31.0629 0.27262
Car 191.0051 277.9163 69.1182 29.3892 0.27262
Car 197.2682 251.9023 69.2161 27.2962 0.207053
Car 206.7682 227.9023 68.6486 29.4591 0.207053
Car 218.7492 200.6265 70.3675 28.3638 0.293256
Car 248.7492 153.6265 70.1873 34.6858 0.293256
Car 260.2492 128.6265 66.9174 27.3164 0.293256
Car 269.2492 103.6265 65.0028 27.8946 0.293256
Car 391.7322 118.2002 64.7539 33.5569 3.062661
Car 467.8313 60.8735 27.1158 59.2852 0.575094
Car 500.9543 68.9992 26.3711 57.684 0.575094
Car 532.3147 84.0574 29.8181 59.8109 0.653353
Car 564.8313 94.8735 32.6431 63.2489 0.546755
Car 602.8313 106.3735 29.0037 57.2694 0.546755
Car 623.1657 118.8735 31.6687 61.0 0.0
