Car 198.2835 405.3576 77.379 35.0401 0.283845
Car 209.78 341.7868 70.0636 27.7458 0.333865
Car 227.78 311.2868 70.3913 28.6906 0.333865
Car 240.4376 257.3848 76.9209 28.4364 0.280598
Car 248.8751 229.2226 73.8283 28.9903 0.280598
Car 258.8751 205.7226 71.0757 26.6615 0.280598
Car 264.8751 181.7226 71.0757 26.6615 0.229446
Car 277.8159 158.5161 73.269 27.7787 0.229446
Car 285.8544 132.2967 68.0608 26.9107 0.29656
Car 319.7865 90.9287 69.4692 31.9846 0.29656
Car 329.7865 64.9287 70.2129 27.5748 0.29656
Car 340.2865 41.9287 64.8467 27.1232 0.29656
Car 458.529 60.2802 69.0103 34.0485 3.058265
Car 528.8313 16.1867 37.0 32.3735 0.0
Car 566.8313 21.6867 49.0 43.3735 0.0
Car 597.6181 31.3083 28.9907 55.9601 0.646559
Car 621.1657 42.3735 35.6687 56.0 0.0
