Car 157.8313 232.8735 71.0 29.0 0.0
Car 9.5 287.3735 19.0 32.0 0.0
Car 154.8313 301.3735 57.0 32.0 0.0
Car 152.3313 339.3735 76.0 36.0 0.0
Car 228.8313 267.8735 51.0 27.0 0.0
Car 227.3313 295.8735 56.0 31.0 0.0
Car 227.3313 345.3735 58.0 28.0 0.0
Car 230.8313 375.8735 55.0 25.0 0.0
Car 224.8313 404.8735 63.0 29.0 0.0
Car 223.8313 436.3735 69.0 30.0 0.0
Bicycle 429.8313 222.3735 15.0 16.0 0.0
Bicycle 443.8313 237.3735 21.0 14.0 0.0
Bicycle 443.3313 224.8735 18.0 13.0 0.0
Bicycle 454.8313 212.8735 25.0 13.0 0.0
Bicycle 525.8313 365.8735 14.2186 26.8297 2.955186
Bicycle 494.0876 380.1823 24.9619 16.6278 2.82258
Bicycle 461.8313 309.8735 9.0 17.0 0.0
Bicycle 448.8313 324.8735 13.0 15.0 0.0
Bicycle 425.3313 375.3735 10.0 14.0 0.0
Bicycle 468.8313 343.8735 11.0 15.0 0.0
Bicycle 527.3313 400.3735 12.0 18.0 0.0
Bicycle 405.8313 435.8735 13.0 17.0 0.0
Bicycle 405.8313 455.8735 15.0 19.0 0.0
Bicycle 450.3313 370.8735 10.0 11.0 0.0
Bicycle 404.8313 416.3735 23.0 12.0 2.586766
Bicycle 399.0035 469.3654 11.4762 14.6477 0.411703
Bicycle 405.8313 483.8735 15.0 17.0 0.0
Bicycle 427.3313 387.8735 18.0 9.0 0.0
Bicycle 463.8313 231.3735 11.0 14.0 0.0
Bicycle 541.3313 397.3735 12.0 20.0 0.0
