OtherVehicle 51.6141 431.0144 38.1949 55.5399 0.417506
Car 167.3313 245.3735 24.5704 31.1816 0.189338
Car 145.2816 278.9184 27.183 34.5532 0.291661
Car 287.921 471.2281 49.0085 21.086 0.3258
Car 301.7981 454.092 52.5036 20.8555 0.3258
Car 315.7981 428.092 52.5036 20.8555 0.3258
Car 317.7981 408.092 43.6441 19.6264 0.3258
Car 333.2981 397.592 55.0257 18.9479 0.3258
Car 339.763 382.7558 52.1451 19.5752 0.3258
Car 343.763 369.7558 43.2857 18.3462 0.3258
Car 355.763 357.2558 53.0797 16.0929 0.3258
Car 489.7529 323.9507 52.8989 25.5109 0.064073
Car 547.9945 296.4702 41.6245 22.2245 2.30362
Car 572.8313 304.8735 39.3201 20.5896 2.30362
Car 596.3325 311.0595 37.5605 20.8782 2.410023
Car 632.1657 332.8735 13.6687 31.0 0.0
Car 268.3313 500.6867 44.0 20.6265 0.0
Car 381.263 334.7558 50.5832 24.325 0.3258
Car 393.763 320.7558 52.1451 19.5752 0.3258
Car 402.263 308.7558 51.1977 19.8953 0.3258
Car 618.0278 321.7309 42.5009 17.614 2.410023
