Car 88.8672 104.3984 22.1271 26.8648 0.19568
Car 107.8672 75.3984 22.1271 26.8648 0.19568
Car 210.8927 270.5164 52.9426 25.8856 0.196292
Car 223.0534 243.8396 49.4601 17.803 0.365825
Car 232.9535 230.8683 51.8325 19.1614 0.33203
Car 242.9535 209.3683 49.6158 18.868 0.33203
Car 242.1334 197.0474 38.4022 12.5509 0.33203
Car 256.8915 187.4983 45.8018 13.5613 0.33203
Car 263.3915 176.9983 47.0731 14.1807 0.33203
Car 268.3313 166.3735 40.618 13.4972 0.33203
Car 278.8313 157.8735 44.4321 15.3555 0.33203
Car 299.2106 140.5726 40.7815 22.1023 0.33203
Car 309.8818 128.9764 44.2695 16.104 0.33203
Car 318.3313 118.8735 43.1742 15.9055 0.386303
Car 395.3313 132.3735 42.6586 24.9046 3.115717
Car 446.0272 107.5711 38.9891 16.8083 2.438305
Car 466.0188 111.9685 37.101 16.8231 2.416892
Car 485.0188 119.9685 37.101 16.8231 2.416892
Car 505.3313 124.8735 39.3301 17.2668 2.416892
Car 527.0545 130.3373 41.6854 15.4419 2.416892
Car 546.0743 136.9332 41.6869 19.0453 2.330232
Car 567.9253 144.317 39.6213 19.4311 2.330232
Car 590.9253 148.317 39.6213 19.4311 2.330232
Car 625.6657 154.8735 26.6687 29.0 0.0
