Person 464.3313 182.3735 18.0 30.0 0.0
Bicycle 614.3078 161.6314 27.6597 16.0064 2.759663
Bicycle 623.6657 227.3735 30.6687 28.0 0.0
Bicycle 630.6657 259.8735 16.6687 19.0 0.0
Bicycle 632.1657 289.3735 13.6687 36.0 0.0
Bicycle 629.6657 330.3735 18.6687 36.0 0.0
Bicycle 631.6657 359.8735 14.6687 31.0 0.0
Bicycle 635.1657 388.8735 8.3313 17.0 0.0
Car 387.3313 278.3735 118.0 50.0 0.0
Car 386.3313 216.3735 116.0 44.0 0.0
Car 376.2284 158.8787 87.7769 43.985 0.034535
Car 366.2284 95.8787 89.7066 41.9171 0.034535
Car 253.8313 82.3735 99.0 50.0 0.0
Car 262.8313 15.1867 103.0 30.3735 0.0
