Car 50.8313 180.3735 89.4354 43.9353 3.049192
Car 258.8313 87.3735 85.8351 38.175 3.072618
Car 273.8313 195.3735 79.0 40.0 3.068466
Car 276.8313 249.8735 85.0 43.0 0.0
Car 362.7344 139.6793 76.8649 37.3526 3.098734
Car 365.8313 175.8735 75.0 27.0 0.0
Car 381.3313 254.8735 82.0 31.0 0.0
Car 390.3313 304.8735 76.0 35.0 3.131807
Car 387.3564 349.8376 80.6316 35.7631 3.036073
Car 398.7415 399.0624 96.7289 43.3166 0.034447
Person 615.3313 16.3735 16.0 30.0 0.0
Person 631.1657 15.1867 15.6687 30.3735 0.0
Bicycle 587.3313 31.3735 14.0 10.0 0.0
Bicycle 575.3313 41.8735 24.0 11.0 0.0
Bicycle 611.8313 41.8735 27.0 15.0 0.0
Bicycle 587.7621 56.3203 21.2217 12.2775 2.954086
Bicycle 603.8313 60.3735 25.962 15.968 2.977264
Bicycle 609.6717 77.3389 30.4063 22.6303 2.998689
Bicycle 599.8313 302.8735 28.5781 15.789 2.774207
Bicycle 627.1657 291.3735 23.6687 20.0 0.0
Bicycle 631.0 314.3735 16.0 18.0 0.0
Bicycle 634.3313 333.3735 10.0 16.0 0.0
Bicycle 611.9681 355.6358 30.6413 18.7134 2.620985
Bicycle 626.3313 375.8735 26.0 27.0 0.0
Bicycle 621.8313 403.3735 17.0 30.0 0.0
Bicycle 622.8313 435.3735 17.1412 31.7361 0.27057
Bicycle 628.1657 457.3735 21.6687 24.0 0.0
Bicycle 632.1657 481.8735 13.6687 19.0 0.0
Bicycle 636.1657 502.1867 5.6687 17.6265 0.0
