Person 503.8313 172.8735 19.0 25.0 0.0
Person 575.3313 184.8735 16.0 23.0 0.0
Person 513.8313 223.3735 13.0 18.0 0.0
Person 558.8313 224.8735 21.0 13.0 0.0
Person 578.8313 226.3735 19.0 14.0 0.0
Person 499.8313 250.8735 15.0 21.0 0.0
Person 158.4663 328.2396 17.0681 24.1468 2.540727
Person 139.8313 335.8735 15.0 17.0 0.0
Person 114.5915 337.3272 14.1797 15.6168 2.70175
Person 121.8313 358.3735 17.0 16.0 0.0
Person 124.8313 383.3735 17.0 20.0 0.0
Bicycle 165.8313 292.8735 20.6547 38.3586 0.332566
