Car 41.1657 483.4067 82.3313 46.0663 0.0
Car 527.2695 331.0575 85.8893 43.294 0.039263
Car 523.3313 286.3735 84.0 34.0 0.0
Car 521.8313 244.3735 71.1998 35.8271 0.053069
Car 517.8671 198.7512 80.9958 34.778 0.055845
Car 505.2396 117.5579 65.73 28.2773 0.051621
Car 502.6827 82.2954 71.5791 30.8608 2.996086
Car 418.3313 185.8735 86.0 43.0 0.0
Car 415.8313 134.3735 71.0 40.0 0.0
Car 406.8313 31.8735 79.0 37.0 0.0
Car 203.6321 109.3361 88.582 39.9375 3.120663
Car 104.5128 107.4876 92.4175 44.1747 0.017354
Car 125.7103 33.0874 84.7345 39.5184 0.036355
