Bicycle 429.8313 474.8735 19.0 51.0 0.0
Bicycle 446.8313 499.6867 25.0 22.6265 0.0
Bicycle 422.8313 413.8735 21.9289 46.5739 3.074544
Bicycle 419.913 359.2335 22.3449 49.0487 0.501198
Bicycle 397.5313 320.6027 21.841 44.509 0.998769
Bicycle 372.0321 216.3232 43.382 24.1046 2.643584
Bicycle 422.7322 231.0411 29.6552 14.257 2.801386
Bicycle 488.9398 229.6129 38.0071 11.64 2.837728
Bicycle 476.1984 213.0595 32.6213 17.1754 2.837728
Bicycle 467.3859 188.886 42.413 21.2585 2.837728
Bicycle 452.651 169.7312 39.3078 26.2484 2.837728
Bicycle 411.1266 186.7058 49.2445 30.3449 0.098494
Bicycle 600.9718 240.071 37.618 15.7493 2.985814
Bicycle 602.7501 221.2917 41.063 16.7372 2.985814
Bicycle 600.791 206.5657 42.4223 19.2671 2.985814
Bicycle 522.4235 180.2933 45.0505 28.8497 2.925465
Bicycle 513.3301 150.704 45.5497 25.7051 2.925465
Bicycle 565.8853 151.156 47.0036 26.6203 0.003937
Bicycle 554.7081 116.4827 42.1514 25.6479 2.596707
Bicycle 552.7081 92.9827 44.0172 21.0091 2.596707
Bicycle 450.8313 120.3735 52.1262 21.5374 2.88636
Bicycle 451.4053 97.898 45.3981 21.0196 3.006295
Bicycle 453.9137 76.9597 52.6039 20.1068 3.006295
Bicycle 441.4753 56.912 43.5512 21.2427 3.006295
Bicycle 434.4753 39.912 41.2997 19.5308 3.006295
Bicycle 413.4753 22.912 41.2997 19.5308 3.006295
Bicycle 417.8313 6.6867 41.0 13.3735 0.0
Car 111.9376 463.9675 132.8907 51.7837 2.930656
Car 91.4376 372.4675 111.3092 52.276 2.930656
Car 72.5517 279.7112 100.7897 50.2293 3.013688
Car 43.1657 186.8735 86.3313 53.0 0.0
Car 19.1657 18.6867 38.3313 37.3735 0.0
