Bicycle 533.8313 8.1867 29.0 16.3735 0.0
Bicycle 557.3313 16.8735 40.0 21.0 0.0
Bicycle 560.171 47.3874 42.4034 26.3857 3.00203
Bicycle 603.3313 244.8735 20.0 13.0 0.0
Bicycle 610.5593 257.8514 36.8825 16.888 2.937042
Bicycle 613.7649 273.4125 39.812 20.4349 2.937042
Bicycle 607.3373 294.5744 50.8255 26.8394 3.045372
Bicycle 622.1657 321.3735 33.6687 14.0 0.0
Bicycle 624.6657 330.8735 28.6687 15.0 0.0
Bicycle 627.1657 352.3735 23.6687 18.0 0.0
Bicycle 625.6657 371.3735 26.6687 18.0 0.0
Bicycle 624.1657 389.8735 29.6687 23.0 0.0
Bicycle 624.1657 435.3735 29.6687 20.0 0.0
Bicycle 628.6657 458.3735 20.6687 14.0 0.0
Bicycle 584.3313 448.3735 38.0 26.0 0.0
Bicycle 591.7593 488.9462 31.7527 16.2201 0.094688
Bicycle 542.8313 472.3735 39.7714 20.3774 2.750485
Car 73.7783 73.4978 111.8124 51.3517 3.02291
Car 217.6547 162.0558 104.5046 42.3986 3.034111
Car 227.4199 237.8421 105.8662 44.1195 3.039157
Car 93.4199 277.8421 97.0901 51.2595 3.039157
Car 103.4199 381.3421 120.453 58.6875 3.039157
Car 245.2362 396.3191 118.2381 54.5559 3.104294
Car 255.2534 482.578 104.0391 48.5633 3.104294
