Car 30.878 163.4895 26.7562 25.9242 3.135771
Car 13.3193 193.7534 25.7226 29.0297 0.010429
Car 142.1738 383.3208 54.8068 23.6322 0.238152
Car 153.3313 353.3735 52.2507 20.2451 0.238152
Car 167.8313 338.8735 51.043 19.5092 0.238152
Car 177.5301 313.8528 49.9761 21.3509 0.238152
Car 179.5486 298.4786 47.42 19.1433 0.238152
Car 191.5486 288.9786 51.543 19.1715 0.238152
Car 196.0486 276.4786 52.2789 17.9638 0.238152
Car 203.5486 263.4786 46.9482 17.1998 0.238152
Car 213.8954 253.9266 47.7695 18.4535 0.312104
Car 235.8192 233.5633 46.1732 22.9049 0.312104
Car 246.3479 220.4743 45.8967 18.604 0.312104
Car 253.8479 209.4743 48.7517 17.6828 0.312104
Car 335.158 220.7939 45.0402 22.5824 3.083506
Car 388.7262 193.08 40.2626 19.7031 2.258925
Car 411.0149 199.6047 38.5211 19.3989 2.333129
Car 432.0149 207.6047 39.9023 20.8453 2.333129
Car 454.216 212.2859 41.9259 20.4843 2.333129
Car 478.8313 217.3735 39.3535 19.6037 2.333129
Car 498.2116 223.7482 38.2099 19.4102 2.320239
Car 521.4675 229.4185 39.5971 19.2818 2.362793
Car 546.0476 233.3795 38.6584 17.7783 2.325357
Car 584.0375 245.0158 38.2315 20.8075 2.174807
Car 608.8313 251.8735 35.4495 20.8167 2.174807
Car 626.1657 259.8735 25.6687 35.0 0.0
