Bicycle 528.366 109.1107 47.023 19.4908 0.131187
Bicycle 557.6668 161.5031 59.1272 28.8406 0.571758
Bicycle 578.9408 113.0474 46.3527 27.3777 0.902787
Bicycle 609.2688 183.9961 40.9709 14.5534 0.584899
Bicycle 607.1783 206.1416 50.2495 21.2729 0.283129
Bicycle 536.8646 202.8559 51.3089 21.9107 0.564976
Bicycle 621.1657 137.3735 35.6687 36.0 0.0
Bicycle 619.1657 159.8735 39.6687 29.0 0.0
Bicycle 450.2293 256.2826 46.2535 22.7696 2.973627
Bicycle 410.3313 301.3735 51.6138 24.8197 2.260954
Bicycle 368.8509 348.7629 52.2362 24.0157 2.489826
Bicycle 343.8313 397.3735 59.1235 32.0844 2.733711
Bicycle 334.7242 428.4673 45.4954 20.3283 2.878813
Bicycle 298.8313 487.6867 29.0 46.6265 0.0
Car 138.8313 120.3735 132.0112 56.7278 0.503452
Car 184.8313 32.1867 103.0 64.3735 0.0
