Car 168.3313 493.6867 76.0 34.6265 0.0
Car 178.8858 434.6423 76.2991 28.8593 0.232068
Car 186.9489 405.9436 73.4915 32.5871 0.333681
Car 197.3313 376.8735 73.6022 28.0663 0.224202
Car 205.3313 348.8735 73.6022 28.0663 0.224202
Car 216.4513 322.6916 71.8053 28.1029 0.224202
Car 225.8103 294.1816 70.814 29.3762 0.256555
Car 257.3103 246.1816 69.4347 35.9411 0.256555
Car 268.8103 215.6816 69.1332 30.851 0.256555
Car 279.8103 191.6816 68.6257 28.9164 0.256555
Car 402.8313 208.3735 68.7374 35.5552 3.045288
Car 480.9162 145.9942 27.2489 63.7912 0.536275
Car 516.8599 156.2493 28.3807 58.6912 0.620841
Car 547.8599 171.2493 29.5442 60.318 0.620841
Car 582.3599 183.7493 32.8028 66.5934 0.594146
Car 618.1657 195.8735 41.6687 55.0 0.0
