Car 24.6657 267.8735 49.3313 45.0 0.0
Car 26.6657 227.8735 53.3313 39.0 0.0
Car 33.1657 195.8735 66.3313 37.0 0.0
Car 170.8313 209.8735 76.2103 39.4206 2.998704
Car 257.8686 127.0653 34.8636 73.2521 0.556309
Car 295.8686 137.5653 32.6371 73.459 0.556309
Car 333.3686 154.5653 33.4863 72.931 0.556309
Car 370.3686 169.5653 38.7669 81.4231 0.556309
Car 411.3517 182.4465 33.103 75.1051 0.488805
Car 445.384 197.3959 33.8896 76.8346 0.392842
Car 486.8044 211.3364 36.7404 78.2013 0.484708
Car 529.3054 221.3245 34.8689 76.9403 0.519737
Car 596.3313 246.8735 32.5672 74.2723 0.363893
Car 625.6657 260.8735 26.6687 73.0 0.0
