Car 125.8313 474.3735 76.8349 31.9593 0.322014
Car 144.3885 434.2152 83.4835 29.4074 0.322014
Car 155.7317 361.6054 80.5013 31.0494 0.272013
Car 164.0967 326.4299 82.4993 33.5101 0.272013
Car 173.0967 293.4299 82.4993 33.5101 0.272013
Car 180.8469 261.0866 79.9186 33.2657 0.173653
Car 189.8469 228.0866 71.6933 32.678 0.173653
Car 204.6572 194.442 80.3621 29.0406 0.298334
Car 238.2712 136.3233 78.8184 36.6872 0.298334
Car 249.6629 101.79 73.6668 30.8782 0.298334
Car 260.1629 72.29 74.3287 29.6284 0.298334
Car 396.3099 89.0559 72.4431 36.8035 3.031682
Car 477.3313 23.6867 46.0 47.3735 0.0
Car 518.1676 31.1867 24.2946 59.0522 0.606094
Car 553.1412 45.7928 28.8397 70.0715 0.606094
Car 591.2898 59.0783 32.3229 78.0859 0.582854
Car 622.1657 73.8735 33.6687 63.0 0.0
