OtherVehicle 87.8313 148.8735 60.6268 152.4415 0.415492
Bicycle 329.8561 211.4643 14.6627 21.7875 0.213739
Car 606.3313 352.3735 62.0 30.0 0.0
Car 384.3567 499.6867 60.0507 22.6265 0.0
Car 395.2402 484.9945 71.5225 26.3794 0.389533
Car 408.8313 464.8735 68.6653 27.2594 0.311631
Car 417.3313 443.8735 67.1003 25.6623 0.311631
Car 430.3313 424.8735 67.1003 25.6623 0.332957
Car 439.2001 402.7802 64.9012 21.1895 0.332957
Car 472.7848 369.5 64.2429 30.2439 0.387201
Car 485.3313 348.8735 63.2904 22.7887 0.387201
Car 496.3313 329.8735 63.2904 22.7887 0.387201
