Car 108.8313 227.3735 79.0 34.0 0.0
Car 263.3313 53.3735 64.0 32.0 0.0
Car 189.8313 47.8735 69.0 31.0 0.0
Car 215.8313 14.6867 67.0 29.3735 0.0
Car 25.1657 71.1434 50.3313 27.5398 0.0
Car 21.1657 108.7842 42.3313 28.8213 0.0
Car 415.3313 21.8735 64.0 29.0 0.0
Car 411.2742 69.6679 50.2313 24.8315 0.082861
Car 407.6745 96.1039 61.5334 28.9992 3.134077
Car 475.3313 46.8735 44.0 15.0 0.0
Car 472.3313 62.3735 36.0 16.0 0.0
Car 467.3313 104.8735 48.0 21.0 0.0
Car 467.3313 127.3735 52.0 20.0 0.0
Car 463.3313 146.8735 54.0 17.0 0.0
Car 464.8313 169.3735 67.0 26.0 0.0
Bicycle 617.8313 248.8735 17.0 15.0 0.0
Bicycle 616.3313 172.8735 16.0 19.0 0.0
Bicycle 618.8313 192.8735 15.0 15.0 0.0
Bicycle 615.3313 207.8735 18.0 19.0 0.0
Bicycle 618.8313 231.3735 17.0 16.0 0.0
Bicycle 619.8313 274.8735 15.0 11.0 0.0
Person 241.8313 415.3735 21.0 32.0 0.0
