Person 474.8313 321.3735 13.0 26.0 0.0
Person 452.3313 262.3735 14.0 24.0 0.0
Person 438.3313 289.8735 10.0 21.0 0.0
Person 427.8313 257.8735 9.0 21.0 0.0
Person 420.8313 272.3735 13.0 18.0 0.0
Person 417.3313 255.8735 10.0 19.0 0.0
Person 366.3313 255.8735 18.0 23.0 0.0
Person 385.8313 47.3735 13.0 24.0 0.0
Person 412.3313 48.8735 10.0 23.0 0.0
Person 420.8313 63.3735 11.0 24.0 0.0
Person 433.8313 62.8735 9.0 23.0 0.0
Person 442.3313 71.8735 8.0 21.0 0.0
Person 465.3313 65.3735 12.0 22.0 0.0
Person 452.3313 50.3735 10.0 22.0 0.0
Person 461.3313 50.8735 8.0 15.0 0.0
