Person 325.8313 271.8735 9.0 21.0 0.0
Person 305.3313 322.3735 14.0 20.0 0.0
Person 392.8313 11.6867 13.0 23.3735 0.0
Person 385.925 34.0113 11.4981 19.3637 0.133776
Person 422.3313 10.5 14.0 21.0 0.0
Person 421.8313 34.3735 15.0 20.0 0.0
Person 450.0181 6.6867 13.3735 13.3735 0.0
Person 442.3313 21.8735 14.0 17.0 0.0
Person 436.3313 35.8735 12.0 19.0 0.0
Person 492.3313 293.8735 14.0 21.0 0.0
Person 471.3313 300.8735 10.0 19.0 0.0
Person 462.8313 331.3735 13.0 22.0 0.0
Person 453.3313 358.3735 18.0 30.0 0.0
Person 439.8313 361.3735 15.0 14.0 0.0
Person 518.8313 380.8735 13.0 19.0 0.0
