Bicycle 563.8063 160.2791 15.5836 35.5942 2.496498
Bicycle 546.8063 176.2791 15.5836 35.5942 2.496498
Bicycle 528.5939 201.5766 16.3658 34.2845 2.551612
Bicycle 511.1929 214.799 18.8907 39.5573 1.944427
Bicycle 459.7474 280.8953 34.6123 16.2008 0.83989
Bicycle 449.7474 297.8953 34.6123 16.2008 0.83989
Bicycle 430.2787 310.4879 40.5175 17.3818 0.83989
Bicycle 399.7787 359.4879 36.8716 15.4562 0.83989
Bicycle 373.8313 395.3735 35.788 12.8148 0.763298
Bicycle 368.5969 406.1125 36.7416 11.5081 0.611762
Bicycle 360.949 412.2838 28.7553 10.2058 0.68118
Bicycle 351.9342 420.4189 28.6082 10.4343 0.68118
Bicycle 347.9342 425.4189 28.6082 10.4343 0.68118
Bicycle 342.9342 430.4189 28.6082 10.4343 0.68118
Bicycle 336.7195 436.8661 33.2045 10.4343 0.68118
Bicycle 328.7195 442.8661 33.2045 10.4343 0.68118
OtherVehicle 78.4729 258.9169 134.0945 53.2063 2.280199
