Bicycle 501.3764 124.7221 14.1193 25.6769 0.50583
Bicycle 362.6186 368.4651 38.2573 11.79 0.707111
Bicycle 367.6186 362.4651 38.2573 11.79 0.707111
Bicycle 373.6186 356.4651 38.2573 11.79 0.707111
Bicycle 381.6186 349.9651 34.7879 10.8085 0.707111
Bicycle 383.6186 342.9651 34.7879 10.8085 0.707111
Bicycle 389.6186 337.9651 34.7879 10.8085 0.707111
Bicycle 398.288 330.4349 33.6405 11.3034 0.606193
Bicycle 405.1104 320.515 37.8079 12.0666 0.716123
Bicycle 430.1228 286.026 34.2734 12.4468 0.823933
Bicycle 460.3138 236.812 38.4039 16.2786 0.823933
Bicycle 477.3138 221.812 38.4039 16.2786 0.823933
Bicycle 490.0216 206.6568 34.7348 17.7463 0.823933
Bicycle 537.5898 139.3245 38.1401 17.9019 0.356874
Bicycle 552.3313 124.8735 35.1037 13.4435 0.844649
Bicycle 553.3926 97.9598 32.8666 12.0797 1.319341
Bicycle 573.4221 100.3779 14.2108 35.1154 2.439775
