Person 278.8313 192.8735 13.0 19.0 0.0
Person 440.8313 19.8735 11.0 21.0 0.0
Person 450.3313 17.3735 12.0 20.0 0.0
Person 452.3313 3.6867 18.0 7.3735 0.0
Person 392.868 225.2813 14.0315 11.5777 0.095667
Person 385.8313 240.8735 9.0 13.0 0.283794
Person 441.7538 270.8031 13.2747 21.7694 0.174099
Person 452.0665 278.2893 10.5917 19.7121 0.270286
Person 481.9805 259.4704 10.9615 22.1697 0.184784
Person 495.3313 256.8735 12.0 23.0 0.0
Person 511.8313 271.3735 13.0 22.0 0.0
Person 565.3585 288.9619 11.5896 21.2063 0.165149
