Person 217.3313 124.8735 12.0 17.0 0.0
Person 224.8313 126.8735 9.0 25.0 0.0
Person 266.3313 141.3735 10.0 22.0 0.0
Person 276.3313 120.3735 12.0 26.0 0.0
Person 258.8313 146.8735 9.0 19.0 0.0
Person 248.3313 148.8735 12.0 19.0 0.0
Person 202.8313 288.8735 11.0 13.0 0.0
Person 211.8313 274.8735 9.0 11.0 0.0
Person 293.8313 299.8735 9.0 21.0 0.0
Person 265.8313 293.3735 15.0 22.0 0.0
Person 253.3313 303.3735 12.0 30.0 0.0
Person 263.3313 313.3735 10.0 18.0 0.0
Person 269.3313 318.3735 10.0 18.0 0.0
Person 268.8313 339.3735 9.0 12.0 0.0
Person 455.8313 352.8735 13.0 21.0 0.0
Person 490.3313 360.3735 12.0 22.0 0.0
