Bicycle 386.9982 443.539 10.4184 29.9136 2.785412
Bicycle 392.9982 439.539 10.4184 29.9136 2.785412
Bicycle 400.9982 437.539 10.4184 29.9136 2.785412
Bicycle 405.9982 436.539 10.4184 29.9136 2.785412
Bicycle 411.9982 433.539 10.4184 29.9136 2.785412
Bicycle 418.9982 432.539 10.4184 29.9136 2.785412
Bicycle 430.9982 430.539 10.4184 29.9136 2.785412
Bicycle 443.3265 426.4215 12.7726 34.5246 2.785412
Bicycle 477.8265 412.4215 13.2302 30.427 2.785412
Bicycle 521.7575 389.0347 12.1865 33.483 2.855244
Bicycle 540.7575 386.0347 12.1865 33.483 2.855244
Bicycle 553.7575 379.0347 12.1865 33.483 2.855244
Bicycle 572.3737 353.6061 11.5486 30.4374 0.61361
Bicycle 621.8008 351.5601 30.7799 17.4842 0.736421
