Person 298.8313 344.8735 11.0 25.0 0.0
Person 319.3402 399.4511 12.2117 24.1358 0.168845
Person 434.5699 83.0626 12.6437 23.1744 0.130403
Person 440.3313 130.8735 10.0 23.0 0.0
Person 450.8313 129.8735 9.0 23.0 0.0
Person 483.8313 83.3735 11.0 22.0 0.0
Person 495.1234 98.198 7.5932 19.8551 0.327962
Person 472.8313 110.3735 13.0 26.0 0.0
Person 474.3313 133.3735 14.0 26.0 0.0
Person 465.8313 392.8735 13.0 11.0 0.0
Person 400.8313 366.3735 9.0 12.0 0.0
Person 395.3313 384.8735 14.0 17.0 0.0
Person 415.8313 369.8735 11.0 13.0 0.0
Person 473.044 403.0745 12.5324 22.4384 0.418832
Person 436.8412 456.5375 11.1566 17.3619 0.398522
Person 497.3313 417.3735 10.0 20.0 0.0
Person 516.4927 421.8496 17.6836 21.1619 2.933308
Person 492.162 452.2127 11.5869 21.6998 0.056693
