Car 117.3313 48.3735 32.9363 15.7225 2.53107
Car 101.3245 43.4324 31.8684 14.1725 2.53107
Car 76.7688 33.0674 33.015 14.0839 2.53107
Car 62.4099 27.269 29.4104 13.5106 2.53107
Car 48.887 21.7385 31.7897 15.8112 2.53107
Car 36.3548 15.761 32.0333 10.8139 2.53107
Car 36.3313 129.3735 22.0 14.0 0.463648
Car 51.1313 120.7735 24.1495 10.7331 0.463648
Car 26.5159 10.5439 26.443 9.8115 2.988318
Person 607.8313 436.8735 11.0 25.0 0.0
Person 586.3313 445.8735 12.0 19.0 0.0
Person 392.3313 393.8735 14.0 17.0 0.0
Person 382.3313 367.8735 14.0 21.0 0.0
Person 378.3313 382.3735 10.0 12.0 0.0
Person 380.8313 399.3735 9.0 16.0 0.0
Person 365.8313 382.8735 13.0 9.0 0.0
Person 367.8313 393.8735 11.0 15.0 0.0
Person 368.3313 405.8735 10.0 13.0 0.0
Person 394.8313 259.8735 9.0 17.0 0.0
Person 387.8313 261.8735 9.0 15.0 0.0
Person 376.3313 259.8735 10.0 15.0 0.0
Person 376.3313 272.8735 12.0 15.0 0.0
Person 354.8313 257.8735 9.0 11.0 0.0
Person 359.3313 264.8735 10.0 11.0 0.0
Person 361.3313 278.3735 10.0 18.0 0.0
Person 350.8313 284.3735 11.0 12.0 0.0
Person 575.3663 77.5792 7.893 24.4034 0.09066
Person 550.8313 86.3735 9.0 18.0 0.0
Person 545.8313 73.8735 9.0 19.0 0.0
Person 508.8313 71.3735 11.0 18.0 0.0
Person 494.3313 44.3735 10.0 14.0 0.0
Person 493.8313 61.8735 9.0 15.0 0.0
Person 494.3313 78.8735 10.0 15.0 0.0
Person 473.8313 52.3735 9.0 16.0 0.0
