Person 72.8313 435.8735 13.0 25.0 0.0
Person 376.8313 293.3735 9.0 16.0 0.0
Person 335.3313 283.3735 10.0 22.0 0.0
Person 380.3313 308.3735 10.0 16.0 0.0
Person 387.8313 290.8735 9.0 17.0 0.0
Person 394.8313 284.3735 9.0 18.0 0.0
Person 401.3313 278.3735 8.0 20.0 0.0
Person 426.8313 295.3735 9.0 20.0 0.0
Person 552.3313 337.8735 10.0 21.0 0.0
Person 581.3313 343.8735 10.0 23.0 0.0
Person 362.594 181.8865 10.5436 21.1331 0.228839
Person 381.3313 189.3735 8.0 26.0 0.0
Person 370.8313 200.3735 7.0 10.0 0.0
Person 388.8313 195.8735 7.0 17.0 0.0
Person 393.3313 193.8735 6.0 15.0 0.0
Person 403.8313 192.3735 11.0 20.0 0.0
Person 578.8313 24.8735 7.0 15.0 0.0
Person 572.3313 13.8735 10.0 17.0 0.0
Person 560.8313 26.8735 9.0 11.0 0.0
Person 552.8313 19.8735 7.0 19.0 0.0
Person 545.3313 28.8735 6.0 15.0 0.0
Person 541.8313 15.8735 9.0 17.0 0.0
Person 506.3313 24.8735 6.0 15.0 0.0
Person 519.8313 10.3735 9.0 10.0 0.0
Person 513.3313 10.8735 6.0 15.0 0.0
Person 495.3313 17.3735 12.0 14.0 0.0
Car 85.8313 57.8735 28.4718 12.6238 0.32086
Car 72.2405 65.3031 23.5385 13.5031 0.211365
Car 35.3313 74.3735 18.0 12.0 0.0
Car 35.5234 85.1616 19.79 11.5404 0.406419
