Bicycle 335.8571 404.9306 32.453 12.9991 0.406323
Bicycle 342.6949 397.1456 34.1621 9.8482 0.406323
Bicycle 345.8345 390.3401 28.3671 8.5291 0.498341
Bicycle 357.3345 379.8401 25.8997 15.1557 0.498341
Bicycle 366.2577 370.8334 22.3472 8.8361 0.498341
Bicycle 369.8313 360.8735 28.6636 12.1819 0.498341
Bicycle 374.6437 348.9064 35.6033 12.0929 0.638713
Bicycle 395.9282 309.9194 34.6981 10.2487 0.736983
Bicycle 420.9844 257.714 37.3302 10.4915 0.736983
Bicycle 437.5098 240.8295 35.1648 15.4697 0.736983
Bicycle 447.0098 222.3295 30.9271 15.2643 0.736983
Bicycle 488.635 144.5461 38.492 16.4919 0.252683
Bicycle 504.3313 127.3735 35.2989 17.2624 0.71216
Bicycle 505.5777 105.8419 30.1276 13.6607 1.11596
Bicycle 520.976 99.3757 33.3007 14.9655 0.775877
Bicycle 537.8313 79.8735 33.7915 15.8788 0.775877
