Bicycle 540.8313 177.8735 34.3078 16.5219 0.687411
Bicycle 528.8313 200.3735 36.4881 17.0181 0.687411
Bicycle 512.983 210.2968 22.4495 17.2018 0.821486
Bicycle 508.1354 230.0526 35.6884 14.4103 0.62864
Bicycle 492.7648 246.3111 40.5855 17.6291 0.184713
Bicycle 453.6473 322.6931 29.6283 17.9686 0.751876
Bicycle 443.6473 341.6931 31.0891 16.6026 0.751876
Bicycle 424.8273 355.7782 37.4064 14.1816 0.751876
Bicycle 398.8273 409.7782 37.4064 14.1816 0.751876
Bicycle 374.8309 447.8918 40.3179 14.8978 0.596086
Bicycle 371.5508 458.9926 38.4125 11.5643 0.372834
Bicycle 367.432 471.4961 26.0162 11.3594 0.450313
Bicycle 362.762 478.0472 28.0203 9.3933 0.450313
Bicycle 358.762 484.0472 28.0203 9.3933 0.450313
Bicycle 352.762 489.0472 28.0203 9.3933 0.450313
Bicycle 345.762 497.0472 28.0203 9.3933 0.632103
Bicycle 339.8951 503.6867 27.1275 16.6265 0.0
