Person 61.3313 432.8735 12.0 23.0 0.0
Person 548.3313 333.3735 8.0 22.0 0.0
Person 537.3313 331.8735 12.0 17.0 0.0
Person 420.3313 287.8735 8.0 19.0 0.0
Person 401.8313 315.3735 11.0 18.0 0.0
Person 392.3313 285.3735 12.0 18.0 0.0
Person 384.3313 302.8735 10.0 19.0 0.0
Person 372.3313 284.3735 12.0 16.0 0.0
Person 386.3313 186.3735 8.0 18.0 0.0
Person 373.8313 193.3735 11.0 20.0 0.0
Person 380.3313 184.3735 8.0 16.0 0.0
Person 358.8313 198.3735 9.0 20.0 0.0
Person 357.8313 182.8735 13.0 19.0 0.0
Person 564.3313 10.8735 6.0 15.0 0.0
Person 566.3313 23.8735 10.0 17.0 0.0
Person 555.3313 24.8735 8.0 17.0 0.0
Person 546.3313 27.3735 8.0 16.0 0.0
Person 538.8313 16.3735 7.0 18.0 0.0
Person 519.8313 14.3735 9.0 18.0 0.0
Person 509.0465 5.1867 9.4304 10.3735 0.0
Person 497.3313 10.3735 8.0 16.0 0.0
Person 492.3313 20.3735 10.0 18.0 0.0
Car 70.8008 56.8886 22.84 10.7504 0.319591
Car 56.3926 64.7535 22.4432 14.5478 0.319591
Car 20.8313 74.3735 19.0 12.0 0.0
Car 21.6576 86.2248 24.3928 12.4808 0.410756
