Person 500.8313 398.8735 13.0 23.0 0.0
Person 374.3313 322.3735 16.0 24.0 0.0
Person 481.8313 315.8735 13.0 19.0 0.0
Person 479.8313 367.8735 13.0 27.0 0.0
Person 455.7187 328.6568 14.7487 24.5812 0.0609
Person 455.8313 366.8735 15.0 25.0 0.0
Person 455.8313 393.3735 15.0 24.0 0.0
Person 377.8914 78.0393 12.363 25.6289 0.374424
Person 395.8313 84.3735 11.0 22.0 0.0
Person 453.8313 95.3735 11.0 24.0 0.0
Person 440.2401 87.1579 10.0448 22.7091 0.096182
Person 435.3313 110.3735 12.0 18.0 0.0
Person 440.2376 134.9871 10.2454 27.5081 2.984392
Person 429.3313 140.8735 10.0 21.0 0.150185
