Person 331.3313 57.3735 18.0 24.0 0.0
Person 402.9889 46.9052 13.3028 22.8101 0.192832
Person 413.3313 53.8735 14.0 13.0 0.0
Person 377.3313 68.8735 10.0 19.0 0.0
Person 361.8313 85.8735 11.0 19.0 0.0
Person 417.8313 77.8735 15.0 15.0 0.0
Person 383.5242 101.0244 11.7242 23.6527 0.209443
Person 436.3658 106.1226 12.7262 24.5621 2.372768
Person 293.8313 329.8735 15.0 21.0 0.0
Person 439.8313 386.3735 15.0 16.0 0.0
Person 440.0144 399.8508 8.7561 15.3412 2.357515
Person 426.8313 399.3735 11.0 10.0 0.0
Person 520.2754 400.3897 12.5957 20.7842 0.413689
Person 484.3313 406.8735 13.3958 21.2026 2.657948
Person 441.3313 439.3735 18.0 20.0 0.0
Person 462.2778 440.8315 15.084 26.107 2.618634
