Person 504.9275 27.2022 15.4613 23.3048 0.170549
Person 435.8313 55.3735 13.0 22.0 0.0
Person 366.3313 93.8735 14.0 19.0 0.0
Person 351.8313 101.8735 15.0 21.0 0.0
Person 425.8313 104.8735 9.0 21.0 0.0
Person 430.8313 134.8735 11.0 21.0 0.071794
Person 402.3592 151.7218 12.0783 20.5986 0.099038
Person 442.3313 206.8735 12.0 19.0 0.0
Person 310.8313 386.3735 13.0 18.0 0.0
Person 441.0241 419.4437 11.9233 21.1756 2.437725
Person 435.3313 431.8735 14.0 15.0 0.0
Person 417.3313 451.3735 20.0 16.0 0.0
Person 441.8313 472.3735 15.0 18.0 0.0
Person 473.8313 453.8735 11.0 19.0 0.0
Person 538.3313 445.3735 14.0 20.0 0.0
