Person 386.8313 284.8735 13.0 25.0 0.0
Person 532.8313 40.3735 9.0 20.0 0.0
Person 523.8313 37.3735 9.0 16.0 0.0
Person 285.8313 204.8735 15.0 25.0 0.0
Car 164.0546 407.4798 43.4237 92.5316 0.44419
Car 102.3313 497.6867 42.0 26.6265 0.0
Bicycle 128.7668 16.4567 35.4116 19.9929 2.956565
Bicycle 132.4277 40.1309 35.2328 17.2618 2.956565
Bicycle 137.4277 56.1309 35.2328 17.2618 2.956565
Bicycle 141.9277 70.6309 32.1001 17.6928 2.956565
Bicycle 141.9277 82.6309 30.1342 17.3248 2.956565
Bicycle 144.4277 110.1309 30.9332 18.4917 2.956565
Bicycle 145.598 124.2038 33.5003 16.9669 3.007597
Bicycle 7.1657 61.3735 14.3313 14.0 0.0
Bicycle 7.1657 86.1176 14.3313 13.4883 0.0
Bicycle 12.6657 99.3348 25.3313 15.9225 0.0
Bicycle 13.1657 110.7006 26.3313 12.6541 0.0
Bicycle 14.1657 122.8735 28.3313 13.0 0.0
Bicycle 16.6657 135.3735 33.3313 14.0 0.0
Bicycle 16.1657 148.5054 32.3313 14.2638 0.0
