Bicycle 538.3313 184.8735 20.1446 46.0347 0.330679
Person 506.9404 162.6186 9.8158 25.7108 0.336285
Car 425.3313 218.3735 43.5146 99.9124 0.413586
Bicycle 45.1071 58.5252 45.2518 20.2618 3.064272
Bicycle 51.5488 95.7729 36.4331 16.0635 3.064272
Bicycle 67.5488 160.2729 38.5044 15.221 3.064272
Bicycle 65.5892 175.2811 37.4385 12.6752 2.769202
Bicycle 76.7043 184.6687 38.0488 18.8847 0.038413
Bicycle 86.5092 226.6784 36.5559 21.9351 3.052872
Bicycle 95.3838 246.898 36.8772 17.1272 2.915724
Bicycle 58.3313 263.3735 19.378 36.8306 3.011268
Bicycle 14.6657 273.6504 12.4408 34.1393 2.551594
Bicycle 85.7627 312.9428 40.7461 20.5964 2.876173
Bicycle 87.3665 329.3614 30.6367 16.6434 2.876173
Bicycle 92.3665 346.3614 40.8111 17.3365 2.876173
Bicycle 99.3665 371.3614 42.7411 17.8612 2.876173
Bicycle 105.0301 394.483 41.0321 12.8355 2.973295
Bicycle 104.0301 409.983 35.5811 21.0383 2.973295
Bicycle 109.7921 451.8535 38.4287 16.7598 2.973295
Bicycle 111.3885 467.092 39.5246 17.4298 2.973295
