Car 56.6392 394.7928 35.1853 62.2784 3.068516
Car 158.7418 384.3858 30.8283 61.307 3.045765
Car 278.3313 374.8735 28.3477 47.7641 3.013227
Car 328.4054 366.4133 33.4939 52.3247 2.903074
Car 382.8313 361.3735 25.7637 40.3637 3.074507
Car 494.0961 352.9428 28.442 48.825 2.855907
Car 543.5304 347.873 28.4163 52.7818 2.913799
Car 324.9607 428.618 32.7099 56.9498 2.993765
Car 249.4607 439.118 30.479 51.5625 2.993765
Bicycle 579.1905 236.1189 29.7734 13.675 3.102777
Bicycle 435.3313 254.3735 27.3038 15.1823 2.95433
Bicycle 357.4716 256.7178 12.0735 28.8914 2.754717
Bicycle 381.1152 234.821 11.1633 26.8824 2.733145
Bicycle 369.6851 235.9087 10.8405 24.8911 2.861812
Bicycle 357.6851 231.9087 10.8405 24.8911 2.861812
Bicycle 361.6851 216.4087 9.1944 23.3777 2.861812
Bicycle 375.6851 210.4087 9.1944 23.3777 2.587818
Bicycle 380.8313 182.3735 9.0 22.0 2.950837
Bicycle 362.3313 197.8735 10.0 17.0 0.0
Bicycle 371.3313 180.3735 8.0 22.0 2.996422
Bicycle 363.3313 180.8735 8.0 21.0 0.0
Bicycle 347.8313 178.8735 13.0 25.0 3.017709
Bicycle 352.0355 203.3491 8.8012 20.1704 2.943886
Bicycle 334.3313 182.8735 12.0 21.0 0.0
Bicycle 336.0381 205.5403 11.1798 23.111 2.668189
Bicycle 319.8313 186.3735 13.0 24.0 0.0
Bicycle 308.5877 185.3391 14.6902 26.5262 3.111286
Bicycle 290.8313 220.3735 12.0344 25.4592 2.806764
Bicycle 258.8444 243.3089 14.558 27.2985 2.880777
Bicycle 238.1435 245.6467 19.6522 19.9199 2.791364
Bicycle 73.8313 245.8735 13.3365 23.4976 2.662382
Bicycle 60.3313 249.8735 12.5187 28.4303 2.662382
Bicycle 31.1676 250.3211 9.8991 24.0413 2.840633
Bicycle 13.0289 227.7014 7.5433 24.5054 3.013803
Bicycle 14.6155 265.9788 9.1931 25.7423 0.142963
Bicycle 3.1657 236.0791 6.3313 17.4111 0.0
Bicycle 5.3313 258.3735 10.0 22.0 0.0
Bicycle 3.6657 273.9632 7.3313 21.1794 0.0
