Bicycle 101.3313 172.8735 38.0 13.0 3.033283
Bicycle 103.5357 192.4195 31.891 17.4577 3.033283
Bicycle 116.9138 229.9956 30.5301 14.0261 3.033283
Bicycle 120.6856 245.9359 29.893 15.8536 3.044307
Bicycle 126.6856 269.4359 29.9901 14.8583 3.044307
Bicycle 133.6856 283.4359 27.8053 16.6546 3.044307
Bicycle 104.7643 293.6049 14.5886 26.5948 2.960744
Bicycle 68.9498 298.4813 14.1908 28.3417 2.709105
Bicycle 42.0489 301.5336 13.3334 29.6835 2.949938
Bicycle 123.0829 320.7494 31.0822 17.5912 2.888509
Bicycle 128.7853 343.7649 31.9337 15.2733 2.888509
Bicycle 131.782 358.8202 35.5864 17.8562 2.924352
Bicycle 136.407 372.1552 33.6188 14.0119 2.924352
Bicycle 135.907 384.1552 28.3052 14.8872 2.924352
Bicycle 138.3674 408.3524 31.4397 15.0252 0.033686
Bicycle 140.1204 419.8441 31.0465 18.0235 3.075718
Bicycle 6.1657 364.8735 12.3313 13.0 0.0
Bicycle 7.1657 387.7477 14.3313 10.7485 0.0
Bicycle 11.6657 398.4562 23.3313 14.1654 0.0
Bicycle 11.6657 412.5582 23.3313 10.3695 0.0
Bicycle 13.1657 421.0159 26.3313 11.2849 0.0
Bicycle 15.1657 432.7333 30.3313 14.7196 0.0
Bicycle 14.1657 445.3735 28.3313 14.0 0.0
Car 388.8313 265.8735 34.6458 71.9004 0.460724
Car 510.3147 66.1718 34.0116 63.95 0.460724
Person 542.8313 61.3735 11.0 24.0 0.0
Person 525.3313 302.8735 10.0 21.0 0.0
Person 516.3313 298.8735 10.0 23.0 0.0
