Bicycle 100.8313 16.3735 31.0 16.0 0.0
Bicycle 102.3313 37.3735 28.0 16.0 0.0
Bicycle 112.357 72.4655 29.8608 13.789 2.948921
Bicycle 116.8313 84.3735 29.0 16.0 0.0
Bicycle 124.1276 105.3522 27.565 16.2982 2.926612
Bicycle 129.9276 119.3858 23.2145 12.281 2.971921
Bicycle 104.6165 127.9868 8.6053 19.1653 3.098142
Bicycle 69.8493 131.3995 10.309 29.093 2.536048
Bicycle 42.8313 133.8735 12.8425 26.9271 2.933415
Bicycle 8.1657 189.8735 16.3313 15.0 0.0
Bicycle 8.6657 210.3735 17.3313 14.0 0.0
Bicycle 13.6657 223.3735 27.3313 18.0 0.0
Bicycle 14.8313 235.8735 29.0 13.0 0.0
Bicycle 16.6657 248.0682 33.3313 13.3895 0.0
Bicycle 15.6657 260.3735 31.3313 16.0 0.0
Bicycle 119.8965 151.6221 34.8882 17.4441 2.95856
Bicycle 124.214 170.5758 33.1318 16.5201 2.885674
Bicycle 128.214 184.5758 31.1969 16.0139 2.885674
Bicycle 131.714 196.0758 30.4826 14.7933 2.885674
Bicycle 132.714 208.0758 26.6129 13.7808 2.885674
Bicycle 133.9787 227.1718 29.096 14.2991 3.011489
Bicycle 136.4787 239.6718 29.9578 15.4204 3.011489
Person 549.7245 39.1807 8.7832 20.5747 0.089611
Person 543.3313 36.8735 7.8552 20.3788 0.089611
Car 372.8313 101.3735 34.3581 64.6879 0.403546
Car 154.3109 470.9033 35.8338 74.7778 0.605893
