Bicycle 46.5942 103.2605 44.7027 14.4081 3.065285
Bicycle 49.464 142.4403 38.44 14.0909 3.033619
Bicycle 67.6465 205.7961 40.8577 12.9043 3.099048
Bicycle 67.1648 218.7413 32.6311 11.1634 2.896916
Bicycle 76.282 229.7783 38.0118 17.0049 0.005134
Bicycle 84.5697 271.5723 40.2413 21.189 2.951872
Bicycle 95.0717 291.6679 36.0533 16.5064 2.951872
Bicycle 57.8313 307.8735 19.7585 34.693 3.009041
Bicycle 84.3829 356.7644 21.5056 41.5813 1.291697
Bicycle 87.8829 373.7644 15.181 34.0316 1.291697
Bicycle 92.3829 391.7644 17.1094 40.7607 1.291697
Bicycle 97.3829 417.7644 17.1094 40.7607 1.291697
Bicycle 103.5023 439.6817 13.3308 40.066 1.326769
Bicycle 101.9752 455.975 19.6365 37.89 1.397205
Bicycle 12.1657 317.8735 24.3313 33.0 0.0
Bicycle 108.2507 495.6459 36.9786 14.8891 3.071144
Bicycle 109.1126 506.1867 37.5626 11.6265 0.0
Car 426.0298 263.9377 41.973 102.6213 0.382809
Person 480.8313 252.3735 11.0 22.0 0.0
Bicycle 376.5667 423.1324 19.0382 46.9337 0.738769
