Person 370.3313 127.3735 6.0 18.0 0.0
Person 362.8313 131.3735 7.0 18.0 0.0
Person 356.8313 124.8735 9.0 19.0 0.0
Person 350.8313 133.8735 7.0 15.0 0.0
Person 310.8313 183.8735 7.0 19.0 0.0
Person 320.3313 207.3735 6.0 12.0 0.0
Person 411.3313 200.3735 8.0 16.0 0.0
Person 428.8313 204.8735 9.0 15.0 0.0
Person 422.3313 194.8735 10.0 13.0 0.0
Person 419.3313 208.3735 8.0 16.0 0.0
Person 408.8313 219.3735 7.0 18.0 0.0
Person 566.3313 232.8735 10.0 17.0 0.0
Person 542.3313 226.3735 8.0 14.0 0.0
Person 356.8313 360.3735 11.0 18.0 0.0
Person 486.8976 503.1867 11.1325 17.6265 0.0
