Bicycle 18.3313 178.3735 36.0 12.0 0.0
Bicycle 18.6657 220.3735 33.3313 12.0 0.0
Bicycle 33.3313 288.3735 40.0 14.0 0.0
Bicycle 32.7761 301.573 31.2686 11.0064 2.851459
Bicycle 41.8313 313.8735 37.0 17.0 0.0
Bicycle 50.6147 357.3809 38.2927 22.0922 3.08739
Bicycle 58.1772 376.8283 37.9473 11.6733 2.866073
Bicycle 23.3313 392.3735 13.2877 33.9917 2.934096
Bicycle 48.1929 446.4656 40.995 21.696 2.957292
Bicycle 48.8313 461.8735 34.4607 13.8008 2.841578
Bicycle 54.4627 482.3984 39.0371 17.8076 2.947653
Bicycle 58.8313 504.1867 41.0 13.6265 0.0
Car 397.1517 357.9558 45.0986 103.5846 0.460579
Car 579.3313 20.6867 54.0 41.3735 0.0
Bicycle 12.6657 162.1687 25.3313 11.5904 0.0
