Person 380.3313 456.3735 8.0 20.0 0.0
Car 559.3313 20.1867 50.0 40.3735 0.0
Car 411.4981 354.12 43.9021 100.5058 0.354052
Bicycle 24.291 208.6991 45.4161 15.1111 3.062524
Bicycle 29.9463 245.8557 35.0256 15.7281 2.922511
Bicycle 47.9898 310.2108 41.2203 15.1437 3.026862
Bicycle 49.6927 324.8081 37.0864 12.9835 2.833624
Bicycle 57.5384 334.4739 39.5367 18.8853 3.016363
Bicycle 70.0384 377.4739 38.2947 20.7447 3.016363
Bicycle 78.6042 396.3542 38.5378 16.4241 2.883374
Bicycle 42.8397 415.5605 19.9285 36.4849 2.935176
Bicycle 5.6657 435.8735 11.3313 19.0 0.0
Bicycle 73.0536 463.8299 43.3403 18.5568 2.826143
Bicycle 74.4527 480.5529 34.144 17.0768 2.826143
Bicycle 80.1017 498.1867 38.808 14.2917 2.826143
