Bicycle 138.1791 11.0888 36.4953 15.053 2.984729
Bicycle 142.6555 24.5374 35.382 15.3885 2.984729
Bicycle 142.1555 36.5374 30.7558 12.632 2.984729
Bicycle 145.1555 60.0374 32.5751 13.9321 2.984729
Bicycle 147.1555 72.5374 32.1064 16.8953 2.984729
Bicycle 9.6657 16.5893 19.3313 16.4316 0.0
Person 559.4865 325.657 10.2665 16.4141 3.052279
Car 162.3688 338.627 54.1218 92.0857 0.455679
Car 94.5691 452.7182 38.3986 84.1768 0.455679
Person 436.3313 124.3735 8.0 20.0 0.205834
Person 446.8313 125.8735 9.0 21.0 0.0
