Car 336.8595 307.5623 24.5088 43.2554 0.497906
Car 255.8767 416.0408 26.9064 47.594 0.497906
Car 291.8767 436.0408 24.9961 44.0796 0.497906
OtherVehicle 91.8313 197.3735 23.7952 36.9701 0.271716
Bicycle 46.8313 374.8735 21.0 11.0 0.0
Bicycle 47.3313 386.8735 18.0 9.0 0.0
Bicycle 57.2593 404.313 22.2647 9.577 2.822997
Bicycle 59.8313 415.3735 21.0 10.0 0.0
Bicycle 65.8313 425.3735 21.0 10.0 0.0
Bicycle 71.3313 434.3735 22.0 8.0 0.0
Bicycle 23.3313 444.3735 8.5797 25.8145 2.52222
Bicycle 50.4651 440.0429 9.3869 18.4077 2.682968
Bicycle 4.3313 443.8735 8.0 21.0 0.0
Bicycle 63.4477 452.9694 25.64 13.5067 2.806268
Bicycle 67.2253 464.5922 27.3569 13.3061 2.806268
Bicycle 69.2253 472.5922 26.1265 10.7593 2.806268
Bicycle 75.7253 482.5922 27.6431 15.5238 2.806268
Bicycle 77.4304 501.2209 26.8419 19.6862 3.091063
