Car 17.6657 210.8735 35.3313 27.0 0.0
Car 33.4005 193.9303 45.9036 20.8752 0.232405
Car 43.4005 182.4303 43.2665 18.4165 0.232405
Car 49.4005 168.4303 36.5065 15.9059 0.232405
Car 58.9005 155.9303 30.95 14.1382 0.232405
Car 78.4005 146.9303 42.5755 15.4971 0.232405
Car 87.9005 131.9303 43.5486 15.2668 0.232405
Car 110.1284 122.588 46.2651 15.8848 0.268054
Car 120.5226 107.9325 42.7961 15.885 0.265052
Car 136.1418 97.0177 44.0361 15.725 0.265052
Car 144.6418 84.5177 43.8569 18.8822 0.265052
Car 156.1418 74.0177 45.0839 19.5854 0.265052
Car 171.1418 61.5177 42.3679 17.214 0.265052
Car 181.2511 49.383 33.7306 14.8275 0.095646
Car 198.5876 39.1957 42.6608 19.7333 0.214337
Person 330.8313 233.8735 11.0 27.0 0.0
