Person 245.8313 377.3735 15.0 28.0 0.0
Person 535.3313 235.8735 12.0 19.0 0.0
Person 353.8313 416.8735 13.0 25.0 0.0
Car 425.4008 106.9437 34.8522 79.8889 0.432721
Bicycle 118.8313 17.3735 31.0 16.0 0.0
Bicycle 129.3313 60.8735 34.0 15.0 0.0
Bicycle 134.7203 79.2958 34.927 15.6776 0.195234
Bicycle 141.7307 109.0528 34.6747 17.1707 2.960404
Bicycle 151.2307 123.5528 33.5108 17.9742 2.960404
Bicycle 120.7649 134.4915 16.6554 29.1486 2.952112
Bicycle 80.6393 141.9892 17.6038 30.9232 2.579031
Bicycle 50.9331 144.731 15.9774 32.1686 2.985077
Bicycle 139.3502 168.3928 34.1639 20.2132 2.960404
Bicycle 145.529 192.9517 35.0351 17.4425 2.960404
Bicycle 148.029 210.9517 36.0187 17.6227 2.960404
Bicycle 154.029 226.4517 34.2316 16.2787 2.960404
Bicycle 154.029 239.9517 30.4773 14.5743 2.960404
Bicycle 158.8535 267.9888 31.9972 16.7448 3.080787
Bicycle 158.3535 280.4888 32.9346 17.8038 3.080787
Bicycle 11.1657 217.8735 22.3313 19.0 0.0
Bicycle 13.6657 242.6557 27.3313 16.5644 0.0
Bicycle 18.8313 256.3735 33.0 18.0 2.870033
Bicycle 18.8553 269.5174 31.2937 14.1728 3.002953
Bicycle 20.3453 281.5666 33.9905 14.0216 2.958923
Bicycle 25.8313 293.8735 33.0 13.0 0.0
Bicycle 22.8313 307.3735 35.0 12.0 0.0
