Person 324.3313 128.8735 8.0 15.0 0.0
Person 330.8313 118.8735 9.0 15.0 0.0
Person 316.3313 181.8735 8.0 13.0 0.0
Person 353.3313 122.8735 8.0 19.0 0.0
Person 361.3313 134.8735 8.0 17.0 0.0
Person 370.8313 123.8735 9.0 17.0 0.0
Person 315.3313 218.3735 12.0 16.0 0.0
Person 401.3313 193.3735 8.0 16.0 0.0
Person 413.3313 199.3735 8.0 16.0 0.0
Person 389.3313 208.8735 8.0 13.0 0.0
Person 396.8313 206.8735 9.0 13.0 0.0
Person 406.3313 215.3735 10.0 14.0 0.0
Person 433.8313 215.3735 9.0 18.0 0.0
Person 559.8313 235.8735 9.0 19.0 0.0
Person 571.3313 236.8735 10.0 15.0 0.0
Person 338.8313 358.3735 9.0 18.0 0.0
Person 482.3313 503.3735 6.0 16.0 0.0
