Car 363.8308 340.0966 25.5858 38.5537 0.436639
Car 338.7297 318.2347 23.3191 42.3934 0.436639
Car 256.2953 429.6655 24.7085 46.1997 0.436639
OtherVehicle 89.9979 202.9379 25.1767 37.6721 0.259511
Bicycle 44.8313 387.8735 25.0 11.0 3.068065
Bicycle 44.1462 398.8401 21.6438 10.6857 3.068065
Bicycle 54.1462 418.8401 21.6438 10.6857 2.967512
Bicycle 58.1462 427.8401 21.6438 10.6857 2.967512
Bicycle 60.9705 440.5473 23.0225 11.8186 2.967512
Bicycle 66.9705 448.5473 23.0225 11.8186 2.967512
Bicycle 62.994 466.8673 25.6206 14.7733 2.967512
Bicycle 64.3794 475.8472 23.2867 11.7496 2.791598
Bicycle 68.541 485.7589 27.414 15.2548 2.83716
Bicycle 74.7546 497.9822 28.9963 18.3166 2.83716
Bicycle 47.3313 453.3735 10.0 22.0 2.83932
Bicycle 19.8313 455.8735 11.4845 20.739 2.55904
Bicycle 2.6657 457.369 5.3313 23.991 0.0
