Person 320.3313 412.3735 12.0 18.0 0.0
Person 301.8313 410.3735 11.0 14.0 0.0
Car 142.3378 239.4663 38.6087 11.178 0.186774
Car 130.8691 248.8817 33.5402 10.9459 0.186774
Car 118.3691 258.8817 38.8246 11.9827 0.186774
Car 102.8691 266.8817 39.8072 11.797 0.186774
Car 94.3691 276.8817 40.7899 11.6113 0.186774
Car 83.7911 285.5864 37.2076 13.5708 0.186774
Car 72.0511 295.419 43.9234 13.9964 0.224157
Car 63.0511 306.419 43.9234 13.9964 0.224157
Car 42.7629 314.5438 37.1224 13.7517 0.224157
Car 33.8878 326.6664 43.038 11.0784 0.150702
Car 13.3878 334.1664 19.8483 11.5654 0.150702
Car 11.9716 344.3003 22.3082 8.898 3.080406
Car 10.6657 354.3294 21.3313 13.9117 0.0
Person 611.8313 380.8735 9.0 19.0 0.0
