Person 299.3313 397.3735 8.0 12.0 0.266252
Car 406.8313 161.3735 42.5415 93.2911 0.364455
Bicycle 119.8934 395.253 38.441 17.2626 2.964999
Bicycle 116.3934 380.753 37.6322 16.1025 2.964999
Bicycle 111.3934 342.253 32.816 20.322 2.964999
Bicycle 111.3934 328.753 38.3349 12.1647 2.889264
Bicycle 105.2346 309.426 41.5647 16.2423 2.889264
Bicycle 99.2071 286.562 39.0075 17.9293 2.837152
Bicycle 94.1222 272.6148 33.6892 14.2725 2.837152
Bicycle 91.1222 255.1148 37.9145 20.8411 2.837152
Bicycle 65.0393 213.5425 17.9428 34.5047 3.001534
Bicycle 21.8313 223.8735 14.4913 37.8418 2.500965
Bicycle 98.7112 199.537 36.9415 15.297 2.879455
Bicycle 90.6103 180.6549 35.1307 21.2677 2.879455
Bicycle 80.3313 144.3735 35.6257 16.9355 3.053621
Bicycle 71.5874 122.9385 38.2045 16.2896 3.053621
Bicycle 34.6524 130.1226 8.6918 25.5693 2.90937
Bicycle 43.6524 129.1226 8.6918 25.5693 2.90937
Bicycle 52.6474 67.0785 32.8523 16.7753 3.059585
Bicycle 48.4604 34.2191 44.5799 16.0145 3.059585
