Bicycle 446.0656 353.3518 23.6298 13.5393 2.839488
Bicycle 452.1415 316.6851 36.3449 10.6663 2.942541
Bicycle 441.3023 308.2121 26.6492 9.7857 2.942541
Bicycle 436.0003 282.1506 11.9623 15.4948 2.942541
Bicycle 434.8325 241.2939 25.6928 21.1786 2.942541
Bicycle 430.7386 213.9137 15.8734 8.2206 2.942541
Bicycle 435.5035 201.1629 27.0601 14.5145 2.942541
Bicycle 430.2706 187.0082 26.6646 10.198 2.942541
Bicycle 429.724 165.3201 30.9558 14.5145 2.942541
Bicycle 414.224 116.8201 20.7493 19.5966 2.942541
Bicycle 420.3413 97.9016 35.4616 16.2773 2.942541
Bicycle 416.2228 59.3997 31.5743 16.0204 2.942541
Bicycle 408.2474 21.0214 33.3371 17.6446 2.942541
