Car 427.1815 174.2513 46.0637 98.9963 0.418224
Person 536.703 68.0256 15.0293 26.9125 0.135478
Bicycle 47.8313 14.8735 44.2877 20.4108 3.082284
Bicycle 53.8313 52.8735 33.7731 16.1673 2.992648
Bicycle 69.8719 118.1925 41.9307 15.3836 3.070398
Bicycle 68.8449 132.0383 37.5095 17.1355 2.826569
Bicycle 78.3313 144.3735 37.8165 13.7808 3.027401
Bicycle 87.4418 183.9839 36.5684 20.973 3.020969
Bicycle 96.8937 202.8641 37.4087 15.0897 2.917703
Bicycle 60.8313 218.8735 20.4964 37.814 2.951933
Bicycle 16.6657 229.8322 15.3146 38.8018 2.591828
Bicycle 88.8313 268.3735 40.3077 19.6032 2.919511
Bicycle 90.6724 286.3126 36.5633 16.5825 2.919511
Bicycle 95.6724 303.8126 40.2448 18.439 2.919511
Bicycle 101.1724 329.3126 43.3914 18.1243 2.919511
Bicycle 107.3808 350.8784 39.647 12.5863 2.919511
Bicycle 106.1432 365.7547 33.1335 17.9041 2.919511
Bicycle 111.5601 407.062 38.6391 20.0782 2.962994
Bicycle 115.0479 422.4941 38.5433 14.8421 2.962994
